   24.214310572662306       -0.0000000000000000     
   24.217926891807917       -0.0000000000000000     
   24.222990142987836       -0.0000000000000000     
   24.229493942772162       -0.0000000000000000     
   24.237430097718814       -0.0000000000000000     
   24.246788619257046       -0.0000000000000000     
   24.257557741776253       -0.0000000000000000     
   24.269723943854782       -0.0000000000000000     
   24.283271972552523       -0.0000000000000000     
   24.298184870680888       -0.0000000000000000     
   24.314444006953977       -0.0000000000000000     
   24.332029108915883       -0.0000000000000000     
   24.350918298530576       -0.0000000000000000     
   24.371088130313314       -0.0000000000000000     
   24.392513631875747       -0.0000000000000000     
   24.415168346750942       -0.0000000000000000     
   24.439024379359161       -0.0000000000000000     
   24.464052441971308       -0.0000000000000000     
   24.490221903523235       -0.0000000000000000     
   24.517500840131511       -0.0000000000000000     
   24.545856087159549       -0.0000000000000000     
   24.575253292682056       -0.0000000000000000     
   24.605656972195550       -0.0000000000000000     
   24.637030564423185       -0.0000000000000000     
   24.669336488063664       -0.0000000000000000     
   24.702536199335903       -0.0000000000000000     
   24.736590250173727       -0.0000000000000000     
   24.771458346928132       -0.0000000000000000     
   24.807099409438603       -0.0000000000000000     
   24.843471630339110       -0.0000000000000000     
   24.880532534468976       -0.0000000000000000     
   24.918239038264321       -0.0000000000000000     
   24.956547509010981       -0.0000000000000000     
   24.995413823845432       -0.0000000000000000     
   25.034793428396423       -0.0000000000000000     
   25.074641394966161       -0.0000000000000000     
   25.114912480155798       -0.0000000000000000     
   25.155561181846775       -0.0000000000000000     
   25.196541795455616       -0.0000000000000000     
   25.237808469386355       -0.0000000000000000     
   25.279315259610932       -0.0000000000000000     
   25.321016183314125       -0.0000000000000000     
   25.362865271546081       -0.0000000000000000     
   25.404816620830935       -0.0000000000000000     
   25.446824443686300       -0.0000000000000000     
   25.488843118013961       -0.0000000000000000     
   25.530827235327116       -0.0000000000000000     
   25.572731647785620       -0.0000000000000000     
   25.614511514014431       -0.0000000000000000     
   25.656122343686558       -0.0000000000000000     
   25.697520040854823       -0.0000000000000000     
   25.738660946022389       -0.0000000000000000     
   25.779501876944622       -0.0000000000000000     
   25.820000168159549       -0.0000000000000000     
   25.860113709246924       -0.0000000000000000     
   25.899800981819325       -0.0000000000000000     
   25.939021095251508       -0.0000000000000000     
   25.977733821156882       -0.0000000000000000     
   26.015899626622197       -0.0000000000000000     
   26.053479706213956       -0.0000000000000000     
   26.090436012771569       -0.0000000000000000     
   26.126731287004105       -0.0000000000000000     
   26.162329085909150       -0.0000000000000000     
   26.197193810033014       -0.0000000000000000     
   26.231290729593024       -0.0000000000000000     
   26.264586009483327       -0.0000000000000000     
   26.297046733186189       -0.0000000000000000     
   26.328640925611413       -0.0000000000000000     
   26.359337574886936       -0.0000000000000000     
   26.389106653123594       -0.0000000000000000     
   26.417919136177350       -0.0000000000000000     
   26.445747022432275       -0.0000000000000000     
   26.472563350626960       -0.0000000000000000     
   26.498342216747517       -0.0000000000000000     
   26.523058790009181       -0.0000000000000000     
   26.546689327948386       -0.0000000000000000     
   26.569211190646950       -0.0000000000000000     
   26.590602854108617       -0.0000000000000000     
   26.610843922808375       -0.0000000000000000     
   26.629915141433440       -0.0000000000000000     
   26.647798405834575       -0.0000000000000000     
   26.664476773205084       -0.0000000000000000     
   26.679934471504257       -0.0000000000000000     
   26.694156908140986       -0.0000000000000000     
   26.707130677932071       -0.0000000000000000     
   26.718843570348973       -0.0000000000000000     
   26.729284576065709       -0.0000000000000000     
   26.738443892819308       -0.0000000000000000     
   26.746312930593412       -0.0000000000000000     
   26.752884316134072       -0.0000000000000000     
   26.758151896806428       -0.0000000000000000     
   26.762110743798765       -0.0000000000000000     
   26.764757154680172       -0.0000000000000000     
   26.766088655316672       -0.0000000000000000     
   26.766104001148832       -0.0000000000000000     
   26.764803177833866       -0.0000000000000000     
   26.762187401252991       -0.0000000000000000     
   26.758259116884265       -0.0000000000000000     
   26.753021998539580       -0.0000000000000000     
   26.746480946463727       -0.0000000000000000     
   26.738642084791561       -0.0000000000000000     
   26.729512758359132       -0.0000000000000000     
   26.719101528862307       -0.0000000000000000     
   26.707418170356402       -0.0000000000000000     
   26.694473664088285       -0.0000000000000000     
   26.680280192651818       -0.0000000000000000     
   26.664851133456075       -0.0000000000000000     
   26.648201051495079       -0.0000000000000000     
   26.630345691406170       -0.0000000000000000     
   26.611301968803524       -0.0000000000000000     
   26.591087960872134       -0.0000000000000000     
   26.569722896206560       -0.0000000000000000     
   26.547227143877855       -0.0000000000000000     
   26.523622201711174       -0.0000000000000000     
   26.498930683755571       -0.0000000000000000     
   26.473176306926913       -0.0000000000000000     
   26.446383876803715       -0.0000000000000000     
   26.418579272555561       -0.0000000000000000     
   26.389789430982386       -0.0000000000000000     
   26.360042329643150       -0.0000000000000000     
   26.329366969051275       -0.0000000000000000     
   26.297793353914376       -0.0000000000000000     
   26.265352473395019       -0.0000000000000000     
   26.232076280369611       -0.0000000000000000     
   26.197997669662030       -0.0000000000000000     
   26.163150455228916       -0.0000000000000000     
   26.127569346273567       -0.0000000000000000     
   26.091289922265958       -0.0000000000000000     
   26.054348606846773       -0.0000000000000000     
   26.016782640593799       -0.0000000000000000     
   25.978630052630546       -0.0000000000000000     
   25.939929631056952       -0.0000000000000000     
   25.900720892184424       -0.0000000000000000     
   25.861044048557918       -0.0000000000000000     
   25.820939975749983       -0.0000000000000000     
   25.780450177913458       -0.0000000000000000     
   25.739616752081336       -0.0000000000000000     
   25.698482351205232       -0.0000000000000000     
   25.657090145925913       -0.0000000000000000     
   25.615483785072527       -0.0000000000000000     
   25.573707354890299       -0.0000000000000000     
   25.531805336999589       -0.0000000000000000     
   25.489822565093363       -0.0000000000000000     
   25.447804180383372       -0.0000000000000000     
   25.405795585810122       -0.0000000000000000     
   25.363842399035963       -0.0000000000000000     
   25.321990404245170       -0.0000000000000000     
   25.280285502780039       -0.0000000000000000     
   25.238773662647390       -0.0000000000000000     
   25.197500866934639       -0.0000000000000000     
   25.156513061181279       -0.0000000000000000     
   25.115856099756304       -0.0000000000000000     
   25.075575691298951       -0.0000000000000000     
   25.035717343285853       -0.0000000000000000     
   24.996326305794156       -0.0000000000000000     
   24.957447514536163       -0.0000000000000000     
   24.919125533247811       -0.0000000000000000     
   24.881404495519533       -0.0000000000000000     
   24.844328046164122       -0.0000000000000000     
   24.807939282222989       -0.0000000000000000     
   24.772280693717928       -0.0000000000000000     
   24.737394104261508       -0.0000000000000000     
   24.703320611645239       -0.0000000000000000     
   24.670100528529719       -0.0000000000000000     
   24.637773323366321       -0.0000000000000000     
   24.606377561684788       -0.0000000000000000     
   24.575950847885032       -0.0000000000000000     
   24.546529767675722       -0.0000000000000000     
   24.518149831305120       -0.0000000000000000     
   24.490845417732558       -0.0000000000000000     
   24.464649719890581       -0.0000000000000000     
   24.439594691189903       -0.0000000000000000     
   24.415710993418788       -0.0000000000000000     
   24.393027946189441       -0.0000000000000000     
   24.371573478082354       -0.0000000000000000     
   24.351374079638028       -0.0000000000000000     
   24.332454758342902       -0.0000000000000000     
   24.314838995752918       -0.0000000000000000     
   24.298548706893616       -0.0000000000000000     
   24.283604202071032       -0.0000000000000000     
   24.270024151221097       -0.0000000000000000     
   24.257825550919030       -0.0000000000000000     
   24.247023694162081       -0.0000000000000000     
   24.237632143031306       -0.0000000000000000     
   24.229662704328579       -0.0000000000000000     
   24.223125408275401       -0.0000000000000000     
   24.218028490350054       -0.0000000000000000     
   24.214378376328746       -0.0000000000000000     
   24.212179670585002       -0.0000000000000000     
   24.211435147689969       -0.0000000000000000     
   24.212145747344632       -0.0000000000000000     
