 l=         197 tx:
           1  -2513.8025130890051     
           2  -2513.8025130890051     
           3  -2513.8025130890051     
           4  -2513.8025130890051     
           5  -2488.2816753926700     
           6  -2462.7608376963349     
           7  -2437.2399999999998     
           8  -2411.7191623036647     
           9  -2386.1983246073296     
          10  -2360.6774869109945     
          11  -2335.1566492146594     
          12  -2309.6358115183243     
          13  -2284.1149738219892     
          14  -2258.5941361256541     
          15  -2233.0732984293190     
          16  -2207.5524607329844     
          17  -2182.0316230366489     
          18  -2156.5107853403142     
          19  -2130.9899476439791     
          20  -2105.4691099476440     
          21  -2079.9482722513089     
          22  -2054.4274345549738     
          23  -2028.9065968586387     
          24  -2003.3857591623037     
          25  -1977.8649214659686     
          26  -1952.3440837696335     
          27  -1926.8232460732984     
          28  -1901.3024083769633     
          29  -1875.7815706806282     
          30  -1850.2607329842931     
          31  -1824.7398952879580     
          32  -1799.2190575916229     
          33  -1773.6982198952878     
          34  -1748.1773821989527     
          35  -1722.6565445026176     
          36  -1697.1357068062825     
          37  -1671.6148691099474     
          38  -1646.0940314136124     
          39  -1620.5731937172773     
          40  -1595.0523560209424     
          41  -1569.5315183246073     
          42  -1544.0106806282722     
          43  -1518.4898429319371     
          44  -1492.9690052356020     
          45  -1467.4481675392669     
          46  -1441.9273298429318     
          47  -1416.4064921465967     
          48  -1390.8856544502617     
          49  -1365.3648167539268     
          50  -1339.8439790575917     
          51  -1314.3231413612566     
          52  -1288.8023036649215     
          53  -1263.2814659685864     
          54  -1237.7606282722513     
          55  -1212.2397905759162     
          56  -1186.7189528795811     
          57  -1161.1981151832460     
          58  -1135.6772774869110     
          59  -1110.1564397905759     
          60  -1084.6356020942408     
          61  -1059.1147643979057     
          62  -1033.5939267015708     
          63  -1008.0730890052357     
          64  -982.55225130890062     
          65  -957.03141361256553     
          66  -931.51057591623044     
          67  -905.98973821989534     
          68  -880.46890052356025     
          69  -854.94806282722516     
          70  -829.42722513089006     
          71  -803.90638743455497     
          72  -778.38554973821988     
          73  -752.86471204188479     
          74  -727.34387434554969     
          75  -701.82303664921483     
          76  -676.30219895287973     
          77  -650.78136125654464     
          78  -625.26052356020955     
          79  -599.73968586387446     
          80  -574.21884816753936     
          81  -548.69801047120427     
          82  -523.17717277486918     
          83  -497.65633507853408     
          84  -472.13549738219899     
          85  -446.61465968586390     
          86  -421.09382198952881     
          87  -395.57298429319371     
          88  -370.05214659685862     
          89  -344.53130890052353     
          90  -319.01047120418843     
          91  -293.48963350785334     
          92  -267.96879581151825     
          93  -242.44795811518316     
          94  -216.92712041884852     
          95  -191.40628272251342     
          96  -165.88544502617833     
          97  -140.36460732984324     
          98  -114.84376963350815     
          99  -89.322931937173053     
         100  -63.802094240837960     
         101  -38.281256544502867     
         102  -12.760418848167774     
         103   12.760418848167319     
         104   38.281256544502412     
         105   63.802094240837505     
         106   89.322931937172598     
         107   114.84376963350769     
         108   140.36460732984278     
         109   165.88544502617788     
         110   191.40628272251297     
         111   216.92712041884806     
         112   242.44795811518316     
         113   267.96879581151825     
         114   293.48963350785334     
         115   319.01047120418843     
         116   344.53130890052353     
         117   370.05214659685862     
         118   395.57298429319371     
         119   421.09382198952881     
         120   446.61465968586344     
         121   472.13549738219854     
         122   497.65633507853363     
         123   523.17717277486872     
         124   548.69801047120382     
         125   574.21884816753891     
         126   599.73968586387400     
         127   625.26052356020909     
         128   650.78136125654419     
         129   676.30219895287928     
         130   701.82303664921437     
         131   727.34387434554947     
         132   752.86471204188456     
         133   778.38554973821965     
         134   803.90638743455474     
         135   829.42722513088984     
         136   854.94806282722493     
         137   880.46890052356002     
         138   905.98973821989512     
         139   931.51057591623021     
         140   957.03141361256530     
         141   982.55225130890040     
         142   1008.0730890052355     
         143   1033.5939267015706     
         144   1059.1147643979057     
         145   1084.6356020942403     
         146   1110.1564397905754     
         147   1135.6772774869105     
         148   1161.1981151832456     
         149   1186.7189528795807     
         150   1212.2397905759158     
         151   1237.7606282722509     
         152   1263.2814659685860     
         153   1288.8023036649211     
         154   1314.3231413612561     
         155   1339.8439790575912     
         156   1365.3648167539263     
         157   1390.8856544502614     
         158   1416.4064921465965     
         159   1441.9273298429316     
         160   1467.4481675392667     
         161   1492.9690052356018     
         162   1518.4898429319369     
         163   1544.0106806282720     
         164   1569.5315183246071     
         165   1595.0523560209417     
         166   1620.5731937172773     
         167   1646.0940314136119     
         168   1671.6148691099474     
         169   1697.1357068062821     
         170   1722.6565445026176     
         171   1748.1773821989523     
         172   1773.6982198952878     
         173   1799.2190575916225     
         174   1824.7398952879580     
         175   1850.2607329842926     
         176   1875.7815706806282     
         177   1901.3024083769628     
         178   1926.8232460732984     
         179   1952.3440837696330     
         180   1977.8649214659686     
         181   2003.3857591623032     
         182   2028.9065968586387     
         183   2054.4274345549734     
         184   2079.9482722513080     
         185   2105.4691099476436     
         186   2130.9899476439782     
         187   2156.5107853403138     
         188   2182.0316230366484     
         189   2207.5524607329839     
         190   2233.0732984293186     
         191   2258.5941361256541     
         192   2284.1149738219888     
         193   2309.6358115183243     
         194   2335.1566492146590     
         195   2360.6774869109945     
         196   2386.1983246073291     
         197   2411.7191623036647     
         198   2437.2399999999993     
         199   2462.7608376963349     
         200   2488.2816753926695     
         201   2513.8025130890051     
         202   2513.8025130890051     
         203   2513.8025130890051     
         204   2513.8025130890051     
