
   8.0000000000000000     
   0.0000000000000000     
  -0.0000000000000000     
   1.0000000000000000     
           3
seed_0008_N_1048576_L_500prein.txt
          19

           4
      125000
  -250.00000000000000     
   250.00000000000000     
          26
   2.5000000000000000     
   1.0000000000000000E-004
   9.9009900990099011E-003
   1.0000000000000000     

       10000
   5.2021800000000002     
   251.00000000000000     
 n                                

           1
           0
