   9.9009900990099011E-003   0.0000000000000000        542.21503027060680     
   1.5269455745253534E-002   1.0000000000000000E-003   276.87626201889844     
   1.9497205575062324E-002   2.0000000000000000E-003   190.14016850715512     
   2.3204407528523319E-002   3.0000000000000001E-003   145.66095984100622     
   2.6584383801669897E-002   4.0000000000000001E-003   118.35491783935105     
   2.9730776362326312E-002   5.0000000000000001E-003   99.808798746081891     
   3.2698169436838509E-002   6.0000000000000001E-003   86.359574634883629     
   3.5521969440743234E-002   7.0000000000000001E-003   76.145887104718526     
   3.8226821315515330E-002   8.0000000000000002E-003   68.118229380239811     
   4.0830764698363047E-002   9.0000000000000011E-003   61.638536631084726     
   4.3347513283898298E-002   1.0000000000000002E-002   56.295991719788880     
   4.5787804532802075E-002   1.1000000000000003E-002   51.813856875004340     
   4.8160247283485356E-002   1.2000000000000004E-002   47.998760356766091     
   5.0471879451567968E-002   1.3000000000000005E-002   44.711426236501815     
   5.2728549166684360E-002   1.4000000000000005E-002   41.848949999799636     
   5.4935183584322908E-002   1.5000000000000006E-002   39.333626733062765     
   5.7095983589940939E-002   1.6000000000000007E-002   37.105665821913433     
   5.9214568076802740E-002   1.7000000000000008E-002   35.118299091927383     
   6.1294082989123193E-002   1.8000000000000009E-002   33.334411456249597     
   6.3337285171316135E-002   1.9000000000000010E-002   31.724167810627144     
   6.5346607834760512E-002   2.0000000000000011E-002   30.263308235089276     
   6.7324212369781367E-002   2.1000000000000012E-002   28.931901514060009     
   6.9272029851575545E-002   2.2000000000000013E-002   27.713419225699099     
   7.1191794655467405E-002   2.3000000000000013E-002   26.594038062910077     
   7.3085071952301781E-002   2.4000000000000014E-002   25.562107271396751     
   7.4953280401484274E-002   2.5000000000000015E-002   24.607737296619710     
   7.6797711035123867E-002   2.6000000000000016E-002   23.722478598732966     
   7.8619543091586266E-002   2.7000000000000017E-002   22.899068366583620     
   8.0419857383790067E-002   2.8000000000000018E-002   22.131228938260215     
   8.2199647658732958E-002   2.9000000000000019E-002   21.413506007027987     
   8.3959830307648822E-002   3.0000000000000020E-002   20.741137734890181     
   8.5701252712257772E-002   3.1000000000000021E-002   20.109948091790223     
   8.7424700455702678E-002   3.2000000000000021E-002   19.516259341198442     
   8.9130903582622767E-002   3.3000000000000022E-002   18.956819775392489     
   9.0820542058256432E-002   3.4000000000000023E-002   18.428743685130787     
   9.2494250549192678E-002   3.5000000000000024E-002   17.929461211559254     
   9.4152622626706678E-002   3.6000000000000025E-002   17.456676231553462     
   9.5796214476252736E-002   3.7000000000000026E-002   17.008330812963244     
   9.7425548182694416E-002   3.8000000000000027E-002   16.582575073413423     
   9.9041114649502396E-002   3.9000000000000028E-002   16.177741507253703     
  0.10064337620089232        4.0000000000000029E-002   15.792323025961689     
  0.10223276890828020        4.1000000000000029E-002   15.424954099643870     
  0.10380970467616993        4.2000000000000030E-002   15.074394500097393     
  0.10537457311739712        4.3000000000000031E-002   14.739515235844694     
  0.10692774324333162        4.4000000000000032E-002   14.419286341672597     
  0.10846956499102607        4.5000000000000033E-002   14.112766243341596     
  0.11000037060626137        4.6000000000000034E-002   13.819092465230812     
  0.11152047589887895        4.7000000000000035E-002   13.537473487029439     
  0.11303018138462093        4.8000000000000036E-002   13.267181586948890     
  0.11452977332585647        4.9000000000000037E-002   13.007546534695894     
  0.11601952468200072        5.0000000000000037E-002   12.757950018704898     
  0.11749969597908759        5.1000000000000038E-002   12.517820709737709     
  0.11897053610680250        5.2000000000000039E-002   12.286629877602785     
  0.12043228305028676        5.3000000000000040E-002   12.063887489970515     
  0.12188516456316570        5.4000000000000041E-002   11.849138732501000     
  0.12332939878750837        5.5000000000000042E-002   11.641960898108655     
  0.12476519482577979        5.6000000000000043E-002   11.441960600447823     
  0.12619275326928356        5.7000000000000044E-002   11.248771272845781     
  0.12761226668710038        5.8000000000000045E-002   11.062050919122491     
  0.12902392007909771        5.9000000000000045E-002   10.881480087173447     
  0.13042789129620747        6.0000000000000046E-002   10.706760039979674     
  0.13182435143083651        6.1000000000000047E-002   10.537611101950990     
  0.13321346517998159        6.2000000000000048E-002   10.373771161291154     
  0.13459539118336133        6.3000000000000042E-002   10.214994311467816     
  0.13597028233864916        6.4000000000000043E-002   10.061049616935399     
  0.13733828609568702        6.5000000000000044E-002   9.9117199900449062     
  0.13869954473138016        6.6000000000000045E-002   9.7668011676222211     
  0.14005419560681126        6.7000000000000046E-002   9.6261007770410014     
  0.14140237140796985        6.8000000000000047E-002   9.4894374827864958     
  0.14274420037136354        6.9000000000000047E-002   9.3566402055276594     
  0.14407980649566413        7.0000000000000048E-002   9.2275474066074050     
  0.14540930974043770        7.1000000000000049E-002   9.1020064316425611     
  0.14673282621291586        7.2000000000000050E-002   8.9798729076113020     
  0.14805046834368246        7.3000000000000051E-002   8.8610101884087911     
  0.14936234505207452        7.4000000000000052E-002   8.7452888443834382     
  0.15066856190202937        7.5000000000000053E-002   8.6325861918347613     
  0.15196922124904844        7.6000000000000054E-002   8.5227858588685130     
  0.15326442237889309        7.7000000000000055E-002   8.4157773843715553     
  0.15455426163857816        7.8000000000000055E-002   8.3114558471945053     
  0.15583883256018294        7.9000000000000056E-002   8.2097215229192244     
  0.15711822597795888        8.0000000000000057E-002   8.1104795658454041     
  0.15839253013917501        8.1000000000000058E-002   8.0136397140596998     
  0.15966183080910870        8.2000000000000059E-002   7.9191160156552742     
  0.16092621137055796        8.3000000000000060E-002   7.8268265743523706     
  0.16218575291822288        8.4000000000000061E-002   7.7366933129340145     
  0.16344053434827846        8.5000000000000062E-002   7.6486417530574258     
  0.16469063244343671        8.6000000000000063E-002   7.5626008101332083     
  0.16593612195377480        8.7000000000000063E-002   7.4785026020824041     
  0.16717707567358556        8.8000000000000064E-002   7.3962822708878067     
  0.16841356451448897        8.9000000000000065E-002   7.3158778159515085     
  0.16964565757502584        9.0000000000000066E-002   7.2372299383570189     
  0.17087342220694007        9.1000000000000067E-002   7.1602818952120844     
  0.17209692407834135        9.2000000000000068E-002   7.0849793633188067     
  0.17331622723392703        9.3000000000000069E-002   7.0112703114813115     
  0.17453139415243021        9.4000000000000070E-002   6.9391048808189355     
  0.17574248580144947        9.5000000000000070E-002   6.8684352725052253     
  0.17694956168980588        9.6000000000000071E-002   6.7992156424005259     
  0.17815267991756312        9.7000000000000072E-002   6.7314020020891352     
  0.17935189722383774        9.8000000000000073E-002   6.6649521258712179     
  0.18054726903251880        9.9000000000000074E-002   6.5998254632954723     
  0.18173884949600808       0.10000000000000007        6.5359830568510988     
  0.18292669153708560       0.10100000000000008        6.4733874644673453     
  0.18411084688899826       0.10200000000000008        6.4120026864960860     
  0.18529136613386357       0.10300000000000008        6.3517940968776516     
  0.18646829873947504       0.10400000000000008        6.2927283782128534     
  0.18764169309459000       0.10500000000000008        6.2347734604849494     
  0.18881159654277660       0.10600000000000008        6.1778984631942686     
  0.18997805541489149       0.10700000000000008        6.1220736406857590     
  0.19114111506025575       0.10800000000000008        6.0672703304657132     
  0.19230081987659298       0.10900000000000008        6.0134609043186469     
  0.19345721333878929       0.11000000000000008        5.9606187220488742     
  0.19461033802653188       0.11100000000000008        5.9087180876837593     
  0.19576023565087949       0.11200000000000009        5.8577342079871082     
  0.19690694707981526       0.11300000000000009        5.8076431531417345     
  0.19805051236282939       0.11400000000000009        5.7584218194699712     
  0.19919097075457670       0.11500000000000009        5.7100478940699135     
  0.20032836073765162       0.11600000000000009        5.6624998212534647     
  0.20146272004452057       0.11700000000000009        5.6157567706799805     
  0.20259408567865020       0.11800000000000009        5.5697986070863301     
  0.20372249393486708       0.11900000000000009        5.5246058615208442     
  0.20484798041898328       0.12000000000000009        5.4801597039946621     
  0.20597058006672009       0.12100000000000009        5.4364419174696241     
  0.20709032716196035       0.12200000000000009        5.3934348731071200     
  0.20820725535435883       0.12300000000000010        5.3511215067071065     
  0.20932139767633801       0.12400000000000010        5.3094852962710499     
  0.21043278655949543       0.12500000000000008        5.2685102406267204     
  0.21154145385044776       0.12600000000000008        5.2281808390566402     
  0.21264743082613485       0.12700000000000009        5.1884820718756259     
  0.21375074820860668       0.12800000000000009        5.1493993819062140     
  0.21485143617931407       0.12900000000000009        5.1109186568039044     
  0.21594952439292403       0.13000000000000009        5.0730262121870702     
  0.21704504199067867       0.13100000000000009        5.0357087755290930     
  0.21813801761331622       0.13200000000000009        4.9989534707728529     
  0.21922847941357182       0.13300000000000009        4.9627478036300392     
  0.22031645506827469       0.13400000000000009        4.9270796475299639     
  0.22140197179005752       0.13500000000000009        4.8919372301846558     
  0.22248505633869359       0.13600000000000009        4.8573091207388917     
  0.22356573503207564       0.13700000000000009        4.8231842174756894     
  0.22464403375685069       0.13800000000000009        4.7895517360494191     
  0.22571997797872395       0.13900000000000010        4.7564011982203072     
  0.22679359275244421       0.14000000000000010        4.7237224210655739     
  0.22786490273148294       0.14100000000000010        4.6915055066438356     
  0.22893393217741856       0.14200000000000010        4.6597408320907112     
  0.23000070496903677       0.14300000000000010        4.6284190401247667     
  0.23106524461115757       0.14400000000000010        4.5975310299441139     
  0.23212757424319899       0.14500000000000010        4.5670679484950201     
  0.23318771664748700       0.14600000000000010        4.5370211820949153     
  0.23424569425732100       0.14700000000000010        4.5073823483931168     
  0.23530152916480354       0.14800000000000010        4.4781432886534924     
  0.23635524312844280       0.14900000000000010        4.4492960603441238     
  0.23740685758053587       0.15000000000000011        4.4208329300197935     
  0.23845639363434043       0.15100000000000011        4.3927463664839026     
  0.23950387209104254       0.15200000000000011        4.3650290342170877     
  0.24054931344652736       0.15300000000000011        4.3376737870604734     
  0.24159273789795976       0.15400000000000011        4.3106736621421362     
  0.24263416535018131       0.15500000000000011        4.2840218740359060     
  0.24367361542192995       0.15600000000000011        4.2577118091422026     
  0.24471110745188826       0.15700000000000011        4.2317370202811286     
  0.24574666050456642       0.15800000000000011        4.2060912214885047     
  0.24678029337602481       0.15900000000000011        4.1807682830060386     
  0.24781202459944221       0.16000000000000011        4.1557622264571981     
  0.24884187245053446       0.16100000000000012        4.1310672202008272     
  0.24986985495282826       0.16200000000000012        4.1066775748549071     
  0.25089598988279527       0.16300000000000012        4.0825877389832197     
  0.25192029477485084       0.16400000000000012        4.0587922949380557     
  0.25294278692622152       0.16500000000000012        4.0352859548524185     
  0.25396348340168612       0.16600000000000012        4.0120635567754626     
  0.25498240103819375       0.16700000000000012        3.9891200609452628     
  0.25599955644936317       0.16800000000000012        3.9664505461932342     
  0.25701496602986695       0.16900000000000012        3.9440502064748051     
  0.25802864595970415       0.17000000000000012        3.9219143475212093     
  0.25904061220836500       0.17100000000000012        3.9000383836074914     
  0.26005088053889081       0.17200000000000013        3.8784178344320366     
  0.26105946651183259       0.17300000000000013        3.8570483221031688     
  0.26206638548911121       0.17400000000000013        3.8359255682285491     
  0.26307165263778215       0.17500000000000013        3.8150453911033102     
  0.26407528293370786       0.17600000000000013        3.7944037029930353     
  0.26507729116514045       0.17700000000000013        3.7739965075078699     
  0.26607769193621733       0.17800000000000013        3.7538198970642251     
  0.26707649967037245       0.17900000000000013        3.7338700504306725     
  0.26807372861366552       0.18000000000000013        3.7141432303548001     
  0.26906939283803194       0.18100000000000013        3.6946357812679183     
  0.27006350624445535       0.18200000000000013        3.6753441270646623     
  0.27105608256606539       0.18300000000000013        3.6562647689546495     
  0.27204713537116254       0.18400000000000014        3.6373942833834763     
  0.27303667806617243       0.18500000000000014        3.6187293200204631     
  0.27402472389853150       0.18600000000000014        3.6002665998106500     
  0.27501128595950569       0.18700000000000014        3.5820029130886781     
  0.27599637718694492       0.18800000000000014        3.5639351177522509     
  0.27698001036797387       0.18900000000000014        3.5460601374930176     
  0.27796219814162215       0.19000000000000014        3.5283749600827576     
  0.27894295300139460       0.19100000000000014        3.5108766357128807     
  0.27992228729778396       0.19200000000000014        3.4935622753853055     
  0.28090021324072706       0.19300000000000014        3.4764290493528685     
  0.28187674290200654       0.19400000000000014        3.4594741856075060     
  0.28285188821759916       0.19500000000000015        3.4426949684144965     
  0.28382566098997242       0.19600000000000015        3.4260887368911459     
  0.28479807289033082       0.19700000000000015        3.4096528836283366     
  0.28576913546081312       0.19800000000000015        3.3933848533534592     
  0.28673886011664174       0.19900000000000015        3.3772821416332643     
  0.28770725814822595       0.20000000000000015        3.3613422936152650     
  0.28867434072321968       0.20100000000000015        3.3455629028063525     
  0.28964011888853536       0.20200000000000015        3.3299416098873502     
  0.29060460357231499       0.20300000000000015        3.3144761015622728     
  0.29156780558585943       0.20400000000000015        3.2991641094411213     
  0.29252973562551682       0.20500000000000015        3.2840034089550696     
  0.29349040427453171       0.20600000000000016        3.2689918183029545     
  0.29444982200485559       0.20700000000000016        3.2541271974280197     
  0.29540799917891941       0.20800000000000016        3.2394074470239111     
  0.29636494605137004       0.20900000000000016        3.2248305075689410     
  0.29732067277077051       0.21000000000000016        3.2103943583876955     
  0.29827518938126585       0.21100000000000016        3.1960970167390852     
  0.29922850582421462       0.21200000000000016        3.1819365369299732     
  0.30018063193978767       0.21300000000000016        3.1679110094535416     
  0.30113157746853442       0.21400000000000016        3.1540185601516071     
  0.30208135205291792       0.21500000000000016        3.1402573494000952     
  0.30302996523881881       0.21600000000000016        3.1266255713169491     
  0.30397742647700976       0.21700000000000016        3.1131214529917384     
  0.30492374512460058       0.21800000000000017        3.0997432537362868     
  0.30586893044645458       0.21900000000000017        3.0864892643556519     
  0.30681299161657749       0.22000000000000017        3.0733578064388078     
  0.30775593771947912       0.22100000000000017        3.0603472316684219     
  0.30869777775150847       0.22200000000000017        3.0474559211491221     
  0.30963852062216290       0.22300000000000017        3.0346822847536821     
  0.31057817515537234       0.22400000000000017        3.0220247604865675     
  0.31151675009075863       0.22500000000000017        3.0094818138643085     
  0.31245425408487087       0.22600000000000017        2.9970519373121816     
  0.31339069571239736       0.22700000000000017        2.9847336495767025     
  0.31432608346735441       0.22800000000000017        2.9725254951534477     
  0.31526042576425284       0.22900000000000018        2.9604260437297421     
  0.31619373093924263       0.23000000000000018        2.9484338896417590     
  0.31712600725123619       0.23100000000000018        2.9365476513456086     
  0.31805726288301039       0.23200000000000018        2.9247659709019849     
  0.31898750594228886       0.23300000000000018        2.9130875134739744     
  0.31991674446280355       0.23400000000000018        2.9015109668376384     
  0.32084498640533737       0.23500000000000018        2.8900350409049782     
  0.32177223965874746       0.23600000000000018        2.8786584672589433     
  0.32269851204097000       0.23700000000000018        2.8673799987000943     
  0.32362381130000656       0.23800000000000018        2.8561984088046204     
  0.32454814511489294       0.23900000000000018        2.8451124914933499     
  0.32547152109665034       0.24000000000000019        2.8341210606114511     
  0.32639394678921962       0.24100000000000019        2.8232229495185144     
  0.32731542967037885       0.24200000000000019        2.8124170106887103     
  0.32823597715264469       0.24300000000000019        2.8017021153207469     
  0.32915559658415761       0.24400000000000019        2.7910771529573344     
  0.33007429524955167       0.24500000000000019        2.7805410311139021     
  0.33099208037080907       0.24600000000000019        2.7700926749162913     
  0.33190895910809953       0.24700000000000019        2.7597310267471871     
  0.33282493856060552       0.24800000000000019        2.7494550459010254     
  0.33374002576733269       0.24900000000000019        2.7392637082471638     
  0.33465422770790665       0.25000000000000017        2.7291560059010607     
  0.33556755130335586       0.25100000000000017        2.7191309469032601     
  0.33648000341688133       0.25200000000000017        2.7091875549059563     
  0.33739159085461307       0.25300000000000017        2.6993248688669347     
  0.33830232036635349       0.25400000000000017        2.6895419427506888     
  0.33921219864630869       0.25500000000000017        2.6798378452365110     
  0.34012123233380698       0.25600000000000017        2.6702116594333765     
  0.34102942801400554       0.25700000000000017        2.6606624826014289     
  0.34193679221858542       0.25800000000000017        2.6511894258798954     
  0.34284333142643464       0.25900000000000017        2.6417916140212556     
  0.34374905206432010       0.26000000000000018        2.6324681851314997     
  0.34465396050754854       0.26100000000000018        2.6232182904163115     
  0.34555806308061637       0.26200000000000018        2.6140410939330203     
  0.34646136605784900       0.26300000000000018        2.6049357723481674     
  0.34736387566402971       0.26400000000000018        2.5959015147005449     
  0.34826559807501822       0.26500000000000018        2.5869375221695559     
  0.34916653941835929       0.26600000000000018        2.5780430078487604     
  0.35006670577388155       0.26700000000000018        2.5692171965244768     
  0.35096610317428650       0.26800000000000018        2.5604593244592966     
  0.35186473760572823       0.26900000000000018        2.5517686391803989     
  0.35276261500838396       0.27000000000000018        2.5431443992725278     
  0.35365974127701527       0.27100000000000019        2.5345858741755247     
  0.35455612226152056       0.27200000000000019        2.5260923439862921     
  0.35545176376747883       0.27300000000000019        2.5176630992650764     
  0.35634667155668492       0.27400000000000019        2.5092974408459652     
  0.35724085134767608       0.27500000000000019        2.5009946796514879     
  0.35813430881625080       0.27600000000000019        2.4927541365112145     
  0.35902704959597909       0.27700000000000019        2.4845751419842603     
  0.35991907927870520       0.27800000000000019        2.4764570361855904     
  0.36081040341504239       0.27900000000000019        2.4683991686160334     
  0.36170102751486011       0.28000000000000019        2.4604008979959127     
  0.36259095704776373       0.28100000000000019        2.4524615921022046     
  0.36348019744356697       0.28200000000000019        2.4445806276091355     
  0.36436875409275704       0.28300000000000020        2.4367573899321346     
  0.36525663234695294       0.28400000000000020        2.4289912730750611     
  0.36614383751935647       0.28500000000000020        2.4212816794806256     
  0.36703037488519680       0.28600000000000020        2.4136280198839253     
  0.36791624968216818       0.28700000000000020        2.4060297131690218     
  0.36880146711086120       0.28800000000000020        2.3984861862284825     
  0.36968603233518738       0.28900000000000020        2.3909968738258263     
  0.37056995048279789       0.29000000000000020        2.3835612184607822     
  0.37145322664549563       0.29100000000000020        2.3761786702373189     
  0.37233586587964146       0.29200000000000020        2.3688486867343626     
  0.37321787320655453       0.29300000000000020        2.3615707328791418     
  0.37409925361290652       0.29400000000000021        2.3543442808231037     
  0.37498001205111026       0.29500000000000021        2.3471688098203325     
  0.37586015343970269       0.29600000000000021        2.3400438061084197     
  0.37673968266372221       0.29700000000000021        2.3329687627917228     
  0.37761860457508073       0.29800000000000021        2.3259431797269556     
  0.37849692399293017       0.29900000000000021        2.3189665634110654     
  0.37937464570402374       0.30000000000000021        2.3120384268713310     
  0.38025177446307212       0.30100000000000021        2.3051582895576406     
  0.38112831499309469       0.30200000000000021        2.2983256772368938     
  0.38200427198576536       0.30300000000000021        2.2915401218894811     
  0.38287965010175395       0.30400000000000021        2.2848011616077941     
  0.38375445397106245       0.30500000000000022        2.2781083404967175     
  0.38462868819335672       0.30600000000000022        2.2714612085760573     
  0.38550235733829341       0.30700000000000022        2.2648593216848703     
  0.38637546594584254       0.30800000000000022        2.2583022413876348     
  0.38724801852660523       0.30900000000000022        2.2517895348822425     
  0.38812001956212733       0.31000000000000022        2.2453207749097492     
  0.38899147350520857       0.31100000000000022        2.2388955396658621     
  0.38986238478020746       0.31200000000000022        2.2325134127141157     
  0.39073275778334199       0.31300000000000022        2.2261739829007015     
  0.39160259688298632       0.31400000000000022        2.2198768442709134     
  0.39247190641996321       0.31500000000000022        2.2136215959871777     
  0.39334069070783267       0.31600000000000023        2.2074078422486250     
  0.39420895403317663       0.31700000000000023        2.2012351922121765     
  0.39507670065587963       0.31800000000000023        2.1951032599151121     
  0.39594393480940587       0.31900000000000023        2.1890116641990840     
  0.39681066070107257       0.32000000000000023        2.1829600286355402     
  0.39767688251231947       0.32100000000000023        2.1769479814525448     
  0.39854260439897499       0.32200000000000023        2.1709751554629415     
  0.39940783049151868       0.32300000000000023        2.1650411879938516     
  0.40027256489534008       0.32400000000000023        2.1591457208174631     
  0.40113681169099447       0.32500000000000023        2.1532884000830963     
  0.40200057493445501       0.32600000000000023        2.1474688762505019     
  0.40286385865736157       0.32700000000000023        2.1416868040243884     
  0.40372666686726638       0.32800000000000024        2.1359418422901268     
  0.40458900354787652       0.32900000000000024        2.1302336540506293     
  0.40545087265929303       0.33000000000000024        2.1245619063643644     
  0.40631227813824716       0.33100000000000024        2.1189262702844900     
  0.40717322389833344       0.33200000000000024        2.1133264207990803     
  0.40803371383023973       0.33300000000000024        2.1077620367724199     
  0.40889375180197435       0.33400000000000024        2.1022328008873514     
  0.40975334165909033       0.33500000000000024        2.0967383995886428     
  0.41061248722490673       0.33600000000000024        2.0912785230273663     
  0.41147119230072704       0.33700000000000024        2.0858528650062564     
  0.41232946066605503       0.33800000000000024        2.0804611229260344     
  0.41318729607880783       0.33900000000000025        2.0751029977326763     
  0.41404470227552603       0.34000000000000025        2.0697781938656084     
  0.41490168297158148       0.34100000000000025        2.0644864192068022     
  0.41575824186138233       0.34200000000000025        2.0592273850307663     
  0.41661438261857553       0.34300000000000025        2.0540008059553978     
  0.41747010889624669       0.34400000000000025        2.0488063998936950     
  0.41832542432711767       0.34500000000000025        2.0436438880062981     
  0.41918033252374143       0.34600000000000025        2.0385129946548517     
  0.42003483707869482       0.34700000000000025        2.0334134473561680     
  0.42088894156476869       0.34800000000000025        2.0283449767371722     
  0.42174264953515583       0.34900000000000025        2.0233073164906266     
  0.42259596452363646       0.35000000000000026        2.0183002033315982     
  0.42344889004476161       0.35100000000000026        2.0133233769546739     
  0.42430142959403422       0.35200000000000026        2.0083765799918982     
  0.42515358664808794       0.35300000000000026        2.0034595579714218     
  0.42600536466486388       0.35400000000000026        1.9985720592768457     
  0.42685676708378512       0.35500000000000026        1.9937138351072512     
  0.42770779732592923       0.35600000000000026        1.9888846394378958     
  0.42855845879419857       0.35700000000000026        1.9840842289815699     
  0.42940875487348878       0.35800000000000026        1.9793123631505953     
  0.43025868893085500       0.35900000000000026        1.9745688040194536     
  0.43110826431567617       0.36000000000000026        1.9698533162880378     
  0.43195748435981757       0.36100000000000027        1.9651656672455076     
  0.43280635237779119       0.36200000000000027        1.9605056267347418     
  0.43365487166691441       0.36300000000000027        1.9558729671173742     
  0.43450304550746649       0.36400000000000027        1.9512674632394058     
  0.43535087716284365       0.36500000000000027        1.9466888923973722     
  0.43619836987971200       0.36600000000000027        1.9421370343050706     
  0.43704552688815890       0.36700000000000027        1.9376116710608198     
  0.43789235140184229       0.36800000000000027        1.9331125871152586     
  0.43873884661813867       0.36900000000000027        1.9286395692396583     
  0.43958501571828895       0.37000000000000027        1.9241924064947507     
  0.44043086186754293       0.37100000000000027        1.9197708902000539     
  0.44127638821530196       0.37200000000000027        1.9153748139036937     
  0.44212159789525995       0.37300000000000028        1.9110039733527047     
  0.44296649402554283       0.37400000000000028        1.9066581664638065     
  0.44381107970884648       0.37500000000000028        1.9023371932946442     
  0.44465535803257289       0.37600000000000028        1.8980408560154867     
  0.44549933206896491       0.37700000000000028        1.8937689588813715     
  0.44634300487523948       0.37800000000000028        1.8895213082046893     
  0.44718637949371937       0.37900000000000028        1.8852977123282009     
  0.44802945895196322       0.38000000000000028        1.8810979815984779     
  0.44887224626289440       0.38100000000000028        1.8769219283397576     
  0.44971474442492837       0.38200000000000028        1.8727693668282088     
  0.45055695642209836       0.38300000000000028        1.8686401132665973     
  0.45139888522418004       0.38400000000000029        1.8645339857593446     
  0.45224053378681439       0.38500000000000029        1.8604508042879742     
  0.45308190505162971       0.38600000000000029        1.8563903906869359     
  0.45392300194636170       0.38700000000000029        1.8523525686198052     
  0.45476382738497267       0.38800000000000029        1.8483371635558477     
  0.45560438426776922       0.38900000000000029        1.8443440027469411     
  0.45644467548151868       0.39000000000000029        1.8403729152048545     
  0.45728470389956433       0.39100000000000029        1.8364237316788692     
  0.45812447238193921       0.39200000000000029        1.8324962846337456     
  0.45896398377547892       0.39300000000000029        1.8285904082280204     
  0.45980324091393288       0.39400000000000029        1.8247059382926361     
  0.46064224661807474       0.39500000000000030        1.8208427123098887     
  0.46148100369581130       0.39600000000000030        1.8170005693926983     
  0.46231951494229051       0.39700000000000030        1.8131793502641869     
  0.46315778314000805       0.39800000000000030        1.8093788972375644     
  0.46399581105891291       0.39900000000000030        1.8055990541963163     
  0.46483360145651192       0.40000000000000030        1.8018396665746828     
  0.46567115707797302       0.40100000000000030        1.7981005813384350     
  0.46650848065622746       0.40200000000000030        1.7943816469659308     
  0.46734557491207096       0.40300000000000030        1.7906827134294543     
  0.46818244255426378       0.40400000000000030        1.7870036321768303     
  0.46901908627962968       0.40500000000000030        1.7833442561133088     
  0.46985550877315396       0.40600000000000031        1.7797044395837176     
  0.47069171270808041       0.40700000000000031        1.7760840383548750     
  0.47152770074600714       0.40800000000000031        1.7724829095982604     
  0.47236347553698160       0.40900000000000031        1.7689009118729380     
  0.47319903971959443       0.41000000000000031        1.7653379051087299     
  0.47403439592107249       0.41100000000000031        1.7617937505896302     
  0.47486954675737075       0.41200000000000031        1.7582683109374648     
  0.47570449483326349       0.41300000000000031        1.7547614500957820     
  0.47653924274243420       0.41400000000000031        1.7512730333139792     
  0.47737379306756489       0.41500000000000031        1.7478029271316555     
  0.47820814838042430       0.41600000000000031        1.7443509993631912     
  0.47904231124195534       0.41700000000000031        1.7409171190825448     
  0.47987628420236134       0.41800000000000032        1.7375011566082699     
  0.48071006980119180       0.41900000000000032        1.7341029834887454     
  0.48154367056742714       0.42000000000000032        1.7307224724876131     
  0.48237708901956233       0.42100000000000032        1.7273594975694258     
  0.48321032766569016       0.42200000000000032        1.7240139338854936     
  0.48404338900358318       0.42300000000000032        1.7206856577599345     
  0.48487627552077517       0.42400000000000032        1.7173745466759189     
  0.48570898969464155       0.42500000000000032        1.7140804792621074     
  0.48654153399247924       0.42600000000000032        1.7108033352792795     
  0.48737391087158549       0.42700000000000032        1.7075429956071488     
  0.48820612277933595       0.42800000000000032        1.7042993422313624     
  0.48903817215326212       0.42900000000000033        1.7010722582306799     
  0.48987006142112788       0.43000000000000033        1.6978616277643337     
  0.49070179300100536       0.43100000000000033        1.6946673360595594     
  0.49153336930135000       0.43200000000000033        1.6914892693993038     
  0.49236479272107492       0.43300000000000033        1.6883273151100981     
  0.49319606564962443       0.43400000000000033        1.6851813615501010     
  0.49402719046704702       0.43500000000000033        1.6820512980973037     
  0.49485816954406747       0.43600000000000033        1.6789370151378982     
  0.49568900524215842       0.43700000000000033        1.6758384040548022     
  0.49651969991361095       0.43800000000000033        1.6727553572163445     
  0.49735025590160487       0.43900000000000033        1.6696877679650990     
  0.49818067554027806       0.44000000000000034        1.6666355306068743     
  0.49901096115479521       0.44100000000000034        1.6635985403998508     
  0.49984111506141587       0.44200000000000034        1.6605766935438642     
  0.50067113956756182       0.44300000000000034        1.6575698871698354     
  0.50150103697188397       0.44400000000000034        1.6545780193293389     
  0.50233080956432852       0.44500000000000034        1.6516009889843157     
  0.50316045962620226       0.44600000000000034        1.6486386959969193     
  0.50398998943023765       0.44700000000000034        1.6456910411195023     
  0.50481940124065694       0.44800000000000034        1.6427579259847309     
  0.50564869731323592       0.44900000000000034        1.6398392530958370     
  0.50647787989536697       0.45000000000000034        1.6369349258169934     
  0.50730695122612146       0.45100000000000035        1.6340448483638208     
  0.50813591353631171       0.45200000000000035        1.6311689257940194     
  0.50896476904855215       0.45300000000000035        1.6283070639981228     
  0.50979351997732003       0.45400000000000035        1.6254591696903746     
  0.51062216852901587       0.45500000000000035        1.6226251503997233     
  0.51145071690202271       0.45600000000000035        1.6198049144609374     
  0.51227916728676515       0.45700000000000035        1.6169983710058349     
  0.51310752186576802       0.45800000000000035        1.6142054299546278     
  0.51393578281371433       0.45900000000000035        1.6114260020073781     
  0.51476395229750238       0.46000000000000035        1.6086599986355674     
  0.51559203247630292       0.46100000000000035        1.6059073320737722     
  0.51642002550161548       0.46200000000000035        1.6031679153114495     
  0.51724793351732401       0.46300000000000036        1.6004416620848274     
  0.51807575865975242       0.46400000000000036        1.5977284868688997     
  0.51890350305771937       0.46500000000000036        1.5950283048695242     
  0.51973116883259241       0.46600000000000036        1.5923410320156210     
  0.52055875809834196       0.46700000000000036        1.5896665849514728     
  0.52138627296159468       0.46800000000000036        1.5870048810291204     
  0.52221371552168627       0.46900000000000036        1.5843558383008569     
  0.52304108787071379       0.47000000000000036        1.5817193755118182     
  0.52386839209358771       0.47100000000000036        1.5790954120926652     
  0.52469563026808308       0.47200000000000036        1.5764838681523599     
  0.52552280446489075       0.47300000000000036        1.5738846644710327     
  0.52634991674766785       0.47400000000000037        1.5712977224929394     
  0.52717696917308776       0.47500000000000037        1.5687229643195060     
  0.52800396379088999       0.47600000000000037        1.5661603127024624     
  0.52883090264392885       0.47700000000000037        1.5636096910370612     
  0.52965778776822281       0.47800000000000037        1.5610710233553795     
  0.53048462119300233       0.47900000000000037        1.5585442343197085     
  0.53131140494075790       0.48000000000000037        1.5560292492160213     
  0.53213814102728774       0.48100000000000037        1.5535259939475226     
  0.53296483146174456       0.48200000000000037        1.5510343950282803     
  0.53379147824668216       0.48300000000000037        1.5485543795769350     
  0.53461808337810190       0.48400000000000037        1.5460858753104847     
  0.53544464884549836       0.48500000000000038        1.5436288105381499     
  0.53627117663190471       0.48600000000000038        1.5411831141553116     
  0.53709766871393805       0.48700000000000038        1.5387487156375235     
  0.53792412706184356       0.48800000000000038        1.5363255450346003     
  0.53875055363953905       0.48900000000000038        1.5339135329647740     
  0.53957695040465903       0.49000000000000038        1.5315126106089252     
  0.54040331930859764       0.49100000000000038        1.5291227097048823     
  0.54122966229655234       0.49200000000000038        1.5267437625417903     
  0.54205598130756616       0.49300000000000038        1.5243757019545501     
  0.54288227827457058       0.49400000000000038        1.5220184613183196     
  0.54370855512442706       0.49500000000000038        1.5196719745430884     
  0.54453481377796897       0.49600000000000039        1.5173361760683124     
  0.54536105615004293       0.49700000000000039        1.5150110008576134     
  0.54618728414954953       0.49800000000000039        1.5126963843935466     
  0.54701349967948432       0.49900000000000039        1.5103922626724238     
  0.54783970463697762       0.50000000000000033        1.5080985721992055     
  0.54866590091333467       0.50100000000000033        1.5058152499824495     
  0.54949209039407532       0.50200000000000033        1.5035422335293200     
  0.55031827495897312       0.50300000000000034        1.5012794608406577     
  0.55114445648209431       0.50400000000000034        1.4990268704061074     
  0.55197063683183634       0.50500000000000034        1.4967844011993030     
  0.55279681787096624       0.50600000000000034        1.4945519926731090     
  0.55362300145665866       0.50700000000000034        1.4923295847549201     
  0.55444918944053323       0.50800000000000034        1.4901171178420127     
  0.55527538366869222       0.50900000000000034        1.4879145327969550     
  0.55610158598175730       0.51000000000000034        1.4857217709430670     
  0.55692779821490634       0.51100000000000034        1.4835387740599371     
  0.55775402219791004       0.51200000000000034        1.4813654843789859     
  0.55858025975516756       0.51300000000000034        1.4792018445790902     
  0.55940651270574282       0.51400000000000035        1.4770477977822474     
  0.56023278286339984       0.51500000000000035        1.4749032875492998     
  0.56105907203663796       0.51600000000000035        1.4727682578756998     
  0.56188538202872673       0.51700000000000035        1.4706426531873324     
  0.56271171463774061       0.51800000000000035        1.4685264183363802     
  0.56353807165659353       0.51900000000000035        1.4664194985972361     
  0.56436445487307263       0.52000000000000035        1.4643218396624669     
  0.56519086606987246       0.52100000000000035        1.4622333876388189     
  0.56601730702462827       0.52200000000000035        1.4601540890432723     
  0.56684377950994957       0.52300000000000035        1.4580838907991385     
  0.56767028529345276       0.52400000000000035        1.4560227402322035     
  0.56849682613779418       0.52500000000000036        1.4539705850669147     
  0.56932340380070245       0.52600000000000036        1.4519273734226097     
  0.57015002003501081       0.52700000000000036        1.4498930538097903     
  0.57097667658868911       0.52800000000000036        1.4478675751264367     
  0.57180337520487534       0.52900000000000036        1.4458508866543638     
  0.57263011762190730       0.53000000000000036        1.4438429380556195     
  0.57345690557335360       0.53100000000000036        1.4418436793689220     
  0.57428374078804501       0.53200000000000036        1.4398530610061386     
  0.57511062499010468       0.53300000000000036        1.4378710337488025     
  0.57593755989897910       0.53400000000000036        1.4358975487446706     
  0.57676454722946802       0.53500000000000036        1.4339325575043169     
  0.57759158869175453       0.53600000000000037        1.4319760118977669     
  0.57841868599143509       0.53700000000000037        1.4300278641511668     
  0.57924584082954855       0.53800000000000037        1.4280880668434925     
  0.58007305490260597       0.53900000000000037        1.4261565729032919     
  0.58090032990261942       0.54000000000000037        1.4242333356054657     
  0.58172766751713090       0.54100000000000037        1.4223183085680828     
  0.58255506942924107       0.54200000000000037        1.4204114457492309     
  0.58338253731763756       0.54300000000000037        1.4185127014439014     
  0.58421007285662319       0.54400000000000037        1.4166220302809094     
  0.58503767771614390       0.54500000000000037        1.4147393872198470     
  0.58586535356181657       0.54600000000000037        1.4128647275480697     
  0.58669310205495651       0.54700000000000037        1.4109980068777157     
  0.58752092485260499       0.54800000000000038        1.4091391811427585     
  0.58834882360755603       0.54900000000000038        1.4072882065960903     
  0.58917679996838357       0.55000000000000038        1.4054450398066385     
  0.59000485557946825       0.55100000000000038        1.4036096376565124     
  0.59083299208102369       0.55200000000000038        1.4017819573381809     
  0.59166121110912295       0.55300000000000038        1.3999619563516819     
  0.59248951429572472       0.55400000000000038        1.3981495925018594     
  0.59331790326869893       0.55500000000000038        1.3963448238956340     
  0.59414637965185280       0.55600000000000038        1.3945476089392979     
  0.59497494506495618       0.55700000000000038        1.3927579063358437     
  0.59580360112376718       0.55800000000000038        1.3909756750823183     
  0.59663234944005683       0.55900000000000039        1.3892008744672075     
  0.59746119162163436       0.56000000000000039        1.3874334640678472     
  0.59829012927237202       0.56100000000000039        1.3856734037478615     
  0.59911916399222964       0.56200000000000039        1.3839206536546302     
  0.59994829737727884       0.56300000000000039        1.3821751742167816     
  0.60077753101972731       0.56400000000000039        1.3804369261417122     
  0.60160686650794315       0.56500000000000039        1.3787058704131328     
  0.60243630542647852       0.56600000000000039        1.3769819682886395     
  0.60326584935609318       0.56700000000000039        1.3752651812973127     
  0.60409549987377831       0.56800000000000039        1.3735554712373392     
  0.60492525855277979       0.56900000000000039        1.3718528001736590     
  0.60575512696262124       0.57000000000000040        1.3701571304356392     
  0.60658510666912702       0.57100000000000040        1.3684684246147703     
  0.60741519923444531       0.57200000000000040        1.3667866455623856     
  0.60824540621707057       0.57300000000000040        1.3651117563874087     
  0.60907572917186614       0.57400000000000040        1.3634437204541183     
  0.60990616965008648       0.57500000000000040        1.3617825013799423     
  0.61073672919939959       0.57600000000000040        1.3601280630332695     
  0.61156740936390885       0.57700000000000040        1.3584803695312886     
  0.61239821168417485       0.57800000000000040        1.3568393852378460     
  0.61322913769723719       0.57900000000000040        1.3552050747613278     
  0.61406018893663605       0.58000000000000040        1.3535774029525625     
  0.61489136693243351       0.58100000000000041        1.3519563349027459     
  0.61572267321123486       0.58200000000000041        1.3503418359413872     
  0.61655410929620968       0.58300000000000041        1.3487338716342758     
  0.61738567670711275       0.58400000000000041        1.3471324077814695     
  0.61821737696030499       0.58500000000000041        1.3455374104153028     
  0.61904921156877390       0.58600000000000041        1.3439488457984150     
  0.61988118204215414       0.58700000000000041        1.3423666804218004     
  0.62071328988674801       0.58800000000000041        1.3407908810028759     
  0.62154553660554546       0.58900000000000041        1.3392214144835688     
  0.62237792369824430       0.59000000000000041        1.3376582480284263     
  0.62321045266127006       0.59100000000000041        1.3361013490227402     
  0.62404312498779591       0.59200000000000041        1.3345506850706939     
  0.62487594216776199       0.59300000000000042        1.3330062239935259     
  0.62570890568789539       0.59400000000000042        1.3314679338277131     
  0.62654201703172929       0.59500000000000042        1.3299357828231719     
  0.62737527767962198       0.59600000000000042        1.3284097394414773     
  0.62820868910877636       0.59700000000000042        1.3268897723540991     
  0.62904225279325876       0.59800000000000042        1.3253758504406581     
  0.62987597020401775       0.59900000000000042        1.3238679427871958     
  0.63070984280890285       0.60000000000000042        1.3223660186844663     
  0.63154387207268314       0.60100000000000042        1.3208700476262403     
  0.63237805945706582       0.60200000000000042        1.3193799993076287     
  0.63321240642071441       0.60300000000000042        1.3178958436234232     
  0.63404691441926708       0.60400000000000043        1.3164175506664513     
  0.63488158490535451       0.60500000000000043        1.3149450907259488     
  0.63571641932861811       0.60600000000000043        1.3134784342859491     
  0.63655141913572777       0.60700000000000043        1.3120175520236856     
  0.63738658577039942       0.60800000000000043        1.3105624148080139     
  0.63822192067341288       0.60900000000000043        1.3091129936978458     
  0.63905742528262921       0.61000000000000043        1.3076692599405997     
  0.63989310103300812       0.61100000000000043        1.3062311849706680     
  0.64072894935662505       0.61200000000000043        1.3047987404078973     
  0.64156497168268845       0.61300000000000043        1.3033718980560836     
  0.64240116943755676       0.61400000000000043        1.3019506299014834     
  0.64323754404475542       0.61500000000000044        1.3005349081113380     
  0.64407409692499340       0.61600000000000044        1.2991247050324140     
  0.64491082949618006       0.61700000000000044        1.2977199931895540     
  0.64574774317344175       0.61800000000000044        1.2963207452842471     
  0.64658483936913791       0.61900000000000044        1.2949269341932073     
  0.64742211949287798       0.62000000000000044        1.2935385329669700     
  0.64825958495153713       0.62100000000000044        1.2921555148284998     
  0.64909723714927270       0.62200000000000044        1.2907778531718122     
  0.64993507748753998       0.62300000000000044        1.2894055215606084     
  0.65077310736510829       0.62400000000000044        1.2880384937269240     
  0.65161132817807688       0.62500000000000044        1.2866767435697892     
  0.65244974131989020       0.62600000000000044        1.2853202451539030     
  0.65328834818135406       0.62700000000000045        1.2839689727083192     
  0.65412715015065082       0.62800000000000045        1.2826229006251457     
  0.65496614861335467       0.62900000000000045        1.2812820034582557     
  0.65580534495244736       0.63000000000000045        1.2799462559220105     
  0.65664474054833288       0.63100000000000045        1.2786156328899962     
  0.65748433677885298       0.63200000000000045        1.2772901093937710     
  0.65832413501930198       0.63300000000000045        1.2759696606216231     
  0.65916413664244156       0.63400000000000045        1.2746542619173440     
  0.66000434301851596       0.63500000000000045        1.2733438887790096     
  0.66084475551526622       0.63600000000000045        1.2720385168577746     
  0.66168537549794515       0.63700000000000045        1.2707381219566785     
  0.66252620432933162       0.63800000000000046        1.2694426800294609     
  0.66336724336974517       0.63900000000000046        1.2681521671793907     
  0.66420849397706039       0.64000000000000046        1.2668665596581039     
  0.66504995750672080       0.64100000000000046        1.2655858338644523     
  0.66589163531175344       0.64200000000000046        1.2643099663433655     
  0.66673352874278280       0.64300000000000046        1.2630389337847194     
  0.66757563914804463       0.64400000000000046        1.2617727130222200     
  0.66841796787340002       0.64500000000000046        1.2605112810322925     
  0.66926051626234917       0.64600000000000046        1.2592546149329849     
  0.67010328565604493       0.64700000000000046        1.2580026919828791     
  0.67094627739330681       0.64800000000000046        1.2567554895800128     
  0.67178949281063416       0.64900000000000047        1.2555129852608129     
  0.67263293324221973       0.65000000000000047        1.2542751566990351     
  0.67347660001996301       0.65100000000000047        1.2530419817047178     
  0.67432049447348374       0.65200000000000047        1.2518134382231407     
  0.67516461793013494       0.65300000000000047        1.2505895043337978     
  0.67600897171501595       0.65400000000000047        1.2493701582493755     
  0.67685355715098550       0.65500000000000047        1.2481553783147432     
  0.67769837555867496       0.65600000000000047        1.2469451430059519     
  0.67854342825650082       0.65700000000000047        1.2457394309292407     
  0.67938871656067790       0.65800000000000047        1.2445382208200542     
  0.68023424178523151       0.65900000000000047        1.2433414915420691     
  0.68108000524201073       0.66000000000000048        1.2421492220862265     
  0.68192600824070060       0.66100000000000048        1.2409613915697768     
  0.68277225208883463       0.66200000000000048        1.2397779792353310     
  0.68361873809180729       0.66300000000000048        1.2385989644499205     
  0.68446546755288640       0.66400000000000048        1.2374243267040674     
  0.68531244177322526       0.66500000000000048        1.2362540456108593     
  0.68615966205187484       0.66600000000000048        1.2350881009050374     
  0.68700712968579614       0.66700000000000048        1.2339264724420880     
  0.68785484596987190       0.66800000000000048        1.2327691401973457     
  0.68870281219691876       0.66900000000000048        1.2316160842651029     
  0.68955102965769910       0.67000000000000048        1.2304672848577265     
  0.69039949964093283       0.67100000000000048        1.2293227223047853     
  0.69124822343330927       0.67200000000000049        1.2281823770521818     
  0.69209720231949867       0.67300000000000049        1.2270462296612941     
  0.69294643758216390       0.67400000000000049        1.2259142608081246     
  0.69379593050197208       0.67500000000000049        1.2247864512824556     
  0.69464568235760582       0.67600000000000049        1.2236627819870138     
  0.69549569442577475       0.67700000000000049        1.2225432339366415     
  0.69634596798122705       0.67800000000000049        1.2214277882574736     
  0.69719650429676039       0.67900000000000049        1.2203164261861246     
  0.69804730464323328       0.68000000000000049        1.2192091290688811     
  0.69889837028957624       0.68100000000000049        1.2181058783609013     
  0.69974970250280288       0.68200000000000049        1.2170066556254227     
  0.70060130254802067       0.68300000000000050        1.2159114425329742     
  0.70145317168844235       0.68400000000000050        1.2148202208605994     
  0.70230531118539630       0.68500000000000050        1.2137329724910813     
  0.70315772229833762       0.68600000000000050        1.2126496794121788     
  0.70401040628485889       0.68700000000000050        1.2115703237158666     
  0.70486336440070074       0.68800000000000050        1.2104948875975823     
  0.70571659789976260       0.68900000000000050        1.2094233533554812     
  0.70657010803411313       0.69000000000000050        1.2083557033896968     
  0.70742389605400080       0.69100000000000050        1.2072919202016068     
  0.70827796320786429       0.69200000000000050        1.2062319863931075     
  0.70913231074234295       0.69300000000000050        1.2051758846658920     
  0.70998693990228701       0.69400000000000051        1.2041235978207374     
  0.71084185193076788       0.69500000000000051        1.2030751087567950     
  0.71169704806908840       0.69600000000000051        1.2020304004708897     
  0.71255252955679282       0.69700000000000051        1.2009894560568231     
  0.71340829763167712       0.69800000000000051        1.1999522587046836     
  0.71426435352979889       0.69900000000000051        1.1989187917001616     
  0.71512069848548732       0.70000000000000051        1.1978890384238725     
  0.71597733373135308       0.70100000000000051        1.1968629823506836     
  0.71683426049829824       0.70200000000000051        1.1958406070490459     
  0.71769148001552607       0.70300000000000051        1.1948218961803352     
  0.71854899351055068       0.70400000000000051        1.1938068334981951     
  0.71940680220920683       0.70500000000000052        1.1927954028478867     
  0.72026490733565951       0.70600000000000052        1.1917875881656455     
  0.72112331011241337       0.70700000000000052        1.1907833734780415     
  0.72198201176032273       0.70800000000000052        1.1897827429013452     
  0.72284101349860030       0.70900000000000052        1.1887856806409003     
  0.72370031654482736       0.71000000000000052        1.1877921709904999     
  0.72455992211496267       0.71100000000000052        1.1868021983317687     
  0.72541983142335176       0.71200000000000052        1.1858157471335511     
  0.72628004568273652       0.71300000000000052        1.1848328019513028     
  0.72714056610426414       0.71400000000000052        1.1838533474264896     
  0.72800139389749630       0.71500000000000052        1.1828773682859892     
  0.72886253027041825       0.71600000000000052        1.1819048493414988     
  0.72972397642944820       0.71700000000000053        1.1809357754889482     
  0.73058573357944578       0.71800000000000053        1.1799701317079172     
  0.73144780292372147       0.71900000000000053        1.1790079030610576     
  0.73231018566404515       0.72000000000000053        1.1780490746935208     
  0.73317288300065531       0.72100000000000053        1.1770936318323890     
  0.73403589613226761       0.72200000000000053        1.1761415597861122     
  0.73489922625608362       0.72300000000000053        1.1751928439439498     
  0.73576287456779976       0.72400000000000053        1.1742474697754162     
  0.73662684226161568       0.72500000000000053        1.1733054228297304     
  0.73749113053024318       0.72600000000000053        1.1723666887352724     
  0.73835574056491460       0.72700000000000053        1.1714312531990416     
  0.73922067355539123       0.72800000000000054        1.1704991020061204     
  0.74008593068997219       0.72900000000000054        1.1695702210191439     
  0.74095151315550245       0.73000000000000054        1.1686445961777712     
  0.74181742213738133       0.73100000000000054        1.1677222134981626     
  0.74268365881957110       0.73200000000000054        1.1668030590724616     
  0.74355022438460494       0.73300000000000054        1.1658871190682787     
  0.74441712001359528       0.73400000000000054        1.1649743797281831     
  0.74528434688624212       0.73500000000000054        1.1640648273691947     
  0.74615190618084126       0.73600000000000054        1.1631584483822826     
  0.74701979907429206       0.73700000000000054        1.1622552292318680     
  0.74788802674210586       0.73800000000000054        1.1613551564553282     
  0.74875659035841402       0.73900000000000055        1.1604582166625086     
  0.74962549109597565       0.74000000000000055        1.1595643965352354     
  0.75049473012618584       0.74100000000000055        1.1586736828268338     
  0.75136430861908332       0.74200000000000055        1.1577860623616500     
  0.75223422774335846       0.74300000000000055        1.1569015220345766     
  0.75310448866636126       0.74400000000000055        1.1560200488105818     
  0.75397509255410877       0.74500000000000055        1.1551416297242429     
  0.75484604057129323       0.74600000000000055        1.1542662518792832     
  0.75571733388128937       0.74700000000000055        1.1533939024481126     
  0.75658897364616240       0.74800000000000055        1.1525245686713712     
  0.75746096102667548       0.74900000000000055        1.1516582378574793     
  0.75833329718229725       0.75000000000000056        1.1507948973821862     
  0.75920598327120969       0.75100000000000056        1.1499345346881271     
  0.76007902045031517       0.75200000000000056        1.1490771372843815     
  0.76095240987524415       0.75300000000000056        1.1482226927460353     
  0.76182615270036269       0.75400000000000056        1.1473711887137457     
  0.76270025007877973       0.75500000000000056        1.1465226128933115     
  0.76357470316235443       0.75600000000000056        1.1456769530552444     
  0.76444951310170350       0.75700000000000056        1.1448341970343454     
  0.76532468104620854       0.75800000000000056        1.1439943327292847     
  0.76620020814402323       0.75900000000000056        1.1431573481021824     
  0.76707609554208045       0.76000000000000056        1.1423232311781961     
  0.76795234438609961       0.76100000000000056        1.1414919700451092     
  0.76882895582059363       0.76200000000000057        1.1406635528529223     
  0.76970593098887619       0.76300000000000057        1.1398379678134505     
  0.77058327103306845       0.76400000000000057        1.1390152031999208     
  0.77146097709410666       0.76500000000000057        1.1381952473465737     
  0.77233905031174854       0.76600000000000057        1.1373780886482687     
  0.77321749182458055       0.76700000000000057        1.1365637155600927     
  0.77409630277002472       0.76800000000000057        1.1357521165969693     
  0.77497548428434571       0.76900000000000057        1.1349432803332737     
  0.77585503750265727       0.77000000000000057        1.1341371954024513     
  0.77673496355892935       0.77100000000000057        1.1333338504966346     
  0.77761526358599498       0.77200000000000057        1.1325332343662691     
  0.77849593871555656       0.77300000000000058        1.1317353358197366     
  0.77937699007819305       0.77400000000000058        1.1309401437229862     
  0.78025841880336644       0.77500000000000058        1.1301476469991640     
  0.78114022601942834       0.77600000000000058        1.1293578346282491     
  0.78202241285362661       0.77700000000000058        1.1285706956466899     
  0.78290498043211210       0.77800000000000058        1.1277862191470436     
  0.78378792987994506       0.77900000000000058        1.1270043942776209     
  0.78467126232110151       0.78000000000000058        1.1262252102421297     
  0.78555497887848003       0.78100000000000058        1.1254486562993240     
  0.78643908067390811       0.78200000000000058        1.1246747217626551     
  0.78732356882814836       0.78300000000000058        1.1239033959999252     
  0.78820844446090510       0.78400000000000059        1.1231346684329429     
  0.78909370869083073       0.78500000000000059        1.1223685285371825     
  0.78997936263553203       0.78600000000000059        1.1216049658414458     
  0.79086540741157629       0.78700000000000059        1.1208439699275257     
  0.79175184413449784       0.78800000000000059        1.1200855304298727     
  0.79263867391880405       0.78900000000000059        1.1193296370352646     
  0.79352589787798167       0.79000000000000059        1.1185762794824770     
  0.79441351712450303       0.79100000000000059        1.1178254475619587     
  0.79530153276983195       0.79200000000000059        1.1170771311155070     
  0.79618994592443026       0.79300000000000059        1.1163313200359477     
  0.79707875769776348       0.79400000000000059        1.1155880042668158     
  0.79796796919830704       0.79500000000000060        1.1148471738020396     
  0.79885758153355235       0.79600000000000060        1.1141088186856267     
  0.79974759581001276       0.79700000000000060        1.1133729290113528     
  0.80063801313322958       0.79800000000000060        1.1126394949224516     
  0.80152883460777780       0.79900000000000060        1.1119085066113097     
  0.80242006133727239       0.80000000000000060        1.1111799543191607     
  0.80331169442437389       0.80100000000000060        1.1104538283357828     
  0.80420373497079434       0.80200000000000060        1.1097301189991995     
  0.80509618407730310       0.80300000000000060        1.1090088166953818     
  0.80598904284373263       0.80400000000000060        1.1082899118579519     
  0.80688231236898433       0.80500000000000060        1.1075733949678908     
  0.80777599375103437       0.80600000000000060        1.1068592565532460     
  0.80867008808693919       0.80700000000000061        1.1061474871888435     
  0.80956459647284129       0.80800000000000061        1.1054380774959998     
  0.81045952000397503       0.80900000000000061        1.1047310181422381     
  0.81135485977467214       0.81000000000000061        1.1040262998410051     
  0.81225061687836719       0.81100000000000061        1.1033239133513906     
  0.81314679240760357       0.81200000000000061        1.1026238494778482     
  0.81404338745403859       0.81300000000000061        1.1019260990699202     
  0.81494040310844951       0.81400000000000061        1.1012306530219622     
  0.81583784046073859       0.81500000000000061        1.1005375022728698     
  0.81673570059993894       0.81600000000000061        1.0998466378058107     
  0.81763398461421977       0.81700000000000061        1.0991580506479532     
  0.81853269359089187       0.81800000000000062        1.0984717318702020     
  0.81943182861641306       0.81900000000000062        1.0977876725869322     
  0.82033139077639350       0.82000000000000062        1.0971058639557274     
  0.82123138115560124       0.82100000000000062        1.0964262971771184     
  0.82213180083796733       0.82200000000000062        1.0957489634943252     
  0.82303265090659128       0.82300000000000062        1.0950738541929990     
  0.82393393244374624       0.82400000000000062        1.0944009606009677     
  0.82483564653088437       0.82500000000000062        1.0937302740879826     
  0.82573779424864213       0.82600000000000062        1.0930617860654670     
  0.82664037667684531       0.82700000000000062        1.0923954879862661     
  0.82754339489451434       0.82800000000000062        1.0917313713443997     
  0.82844684997986950       0.82900000000000063        1.0910694276748165     
  0.82935074301033607       0.83000000000000063        1.0904096485531489     
  0.83025507506254925       0.83100000000000063        1.0897520255954714     
  0.83115984721235958       0.83200000000000063        1.0890965504580585     
  0.83206506053483786       0.83300000000000063        1.0884432148371477     
  0.83297071610428008       0.83400000000000063        1.0877920104687007     
  0.83387681499421273       0.83500000000000063        1.0871429291281680     
  0.83478335827739758       0.83600000000000063        1.0864959626302553     
  0.83569034702583689       0.83700000000000063        1.0858511028286910     
  0.83659778231077819       0.83800000000000063        1.0852083416159957     
  0.83750566520271930       0.83900000000000063        1.0845676709232532     
  0.83841399677141326       0.84000000000000064        1.0839290827198831     
  0.83932277808587319       0.84100000000000064        1.0832925690134150     
  0.84023201021437732       0.84200000000000064        1.0826581218492646     
  0.84114169422447360       0.84300000000000064        1.0820257333105112     
  0.84205183118298488       0.84400000000000064        1.0813953955176763     
  0.84296242215601336       0.84500000000000064        1.0807671006285049     
  0.84387346820894571       0.84600000000000064        1.0801408408377464     
  0.84478497040645761       0.84700000000000064        1.0795166083769405     
  0.84569692981251865       0.84800000000000064        1.0788943955141999     
  0.84660934749039696       0.84900000000000064        1.0782741945539980     
  0.84752222450266401       0.85000000000000064        1.0776559978369584     
  0.84843556191119940       0.85100000000000064        1.0770397977396426     
  0.84934936077719536       0.85200000000000065        1.0764255866743424     
  0.85026362216116147       0.85300000000000065        1.0758133570888717     
  0.85117834712292917       0.85400000000000065        1.0752031014663621     
  0.85209353672165677       0.85500000000000065        1.0745948123250559     
  0.85300919201583358       0.85600000000000065        1.0739884822181065     
  0.85392531406328476       0.85700000000000065        1.0733841037333729     
  0.85484190392117576       0.85800000000000065        1.0727816694932226     
  0.85575896264601703       0.85900000000000065        1.0721811721543315     
  0.85667649129366841       0.86000000000000065        1.0715826044074861     
  0.85759449091934359       0.86100000000000065        1.0709859589773882     
  0.85851296257761456       0.86200000000000065        1.0703912286224595     
  0.85943190732241637       0.86300000000000066        1.0697984061346486     
  0.86035132620705113       0.86400000000000066        1.0692074843392394     
  0.86127122028419290       0.86500000000000066        1.0686184560946590     
  0.86219159060589179       0.86600000000000066        1.0680313142922901     
  0.86311243822357830       0.86700000000000066        1.0674460518562816     
  0.86403376418806810       0.86800000000000066        1.0668626617433621     
  0.86495556954956587       0.86900000000000066        1.0662811369426544     
  0.86587785535767003       0.87000000000000066        1.0657014704754912     
  0.86680062266137692       0.87100000000000066        1.0651236553952330     
  0.86772387250908489       0.87200000000000066        1.0645476847870849     
  0.86864760594859891       0.87300000000000066        1.0639735517679167     
  0.86957182402713473       0.87400000000000067        1.0634012494860849     
  0.87049652779132303       0.87500000000000067        1.0628307711212519     
  0.87142171828721382       0.87600000000000067        1.0622621098842120     
  0.87234739656028049       0.87700000000000067        1.0616952590167144     
  0.87327356365542408       0.87800000000000067        1.0611302117912886     
  0.87420022061697744       0.87900000000000067        1.0605669615110720     
  0.87512736848870953       0.88000000000000067        1.0600055015096370     
  0.87605500831382921       0.88100000000000067        1.0594458251508210     
  0.87698314113498976       0.88200000000000067        1.0588879258285557     
  0.87791176799429282       0.88300000000000067        1.0583317969666994     
  0.87884088993329246       0.88400000000000067        1.0577774320188686     
  0.87977050799299927       0.88500000000000068        1.0572248244682727     
  0.88070062321388454       0.88600000000000068        1.0566739678275481     
  0.88163123663588416       0.88700000000000068        1.0561248556385943     
  0.88256234929840272       0.88800000000000068        1.0555774814724110     
  0.88349396224031751       0.88900000000000068        1.0550318389289364     
  0.88442607649998251       0.89000000000000068        1.0544879216368852     
  0.88535869311523241       0.89100000000000068        1.0539457232535911     
  0.88629181312338656       0.89200000000000068        1.0534052374648459     
  0.88722543756125294       0.89300000000000068        1.0528664579847433     
  0.88815956746513203       0.89400000000000068        1.0523293785555219     
  0.88909420387082072       0.89500000000000068        1.0517939929474094     
  0.89002934781361642       0.89600000000000068        1.0512602949584686     
  0.89096500032832071       0.89700000000000069        1.0507282784144438     
  0.89190116244924322       0.89800000000000069        1.0501979371686088     
  0.89283783521020565       0.89900000000000069        1.0496692651016142     
  0.89377501964454564       0.90000000000000069        1.0491422561213386     
  0.89471271678512043       0.90100000000000069        1.0486169041627382     
  0.89565092766431065       0.90200000000000069        1.0480932031876986     
  0.89658965331402440       0.90300000000000069        1.0475711471848874     
  0.89752889476570064       0.90400000000000069        1.0470507301696081     
  0.89846865305031343       0.90500000000000069        1.0465319461836535     
  0.89940892919837523       0.90600000000000069        1.0460147892951630     
  0.90034972423994086       0.90700000000000069        1.0454992535984766     
  0.90129103920461129       0.90800000000000070        1.0449853332139947     
  0.90223287512153727       0.90900000000000070        1.0444730222880347     
  0.90317523301942304       0.91000000000000070        1.0439623149926909     
  0.90411811392653008       0.91100000000000070        1.0434532055256946     
  0.90506151887068054       0.91200000000000070        1.0429456881102745     
  0.90600544887926127       0.91300000000000070        1.0424397569950206     
  0.90694990497922712       0.91400000000000070        1.0419354064537441     
  0.90789488819710484       0.91500000000000070        1.0414326307853441     
  0.90884039955899654       0.91600000000000070        1.0409314243136698     
  0.90978644009058329       0.91700000000000070        1.0404317813873882     
  0.91073301081712887       0.91800000000000070        1.0399336963798487     
  0.91168011276348304       0.91900000000000071        1.0394371636889517     
  0.91262774695408555       0.92000000000000071        1.0389421777370151     
  0.91357591441296926       0.92100000000000071        1.0384487329706460     
  0.91452461616376390       0.92200000000000071        1.0379568238606074     
  0.91547385322969954       0.92300000000000071        1.0374664449016910     
  0.91642362663361021       0.92400000000000071        1.0369775906125880     
  0.91737393739793716       0.92500000000000071        1.0364902555357614     
  0.91832478654473260       0.92600000000000071        1.0360044342373191     
  0.91927617509566295       0.92700000000000071        1.0355201213068885     
  0.92022810407201250       0.92800000000000071        1.0350373113574907     
  0.92118057449468682       0.92900000000000071        1.0345559990254156     
  0.92213358738421602       0.93000000000000071        1.0340761789700994     
  0.92308714376075829       0.93100000000000072        1.0335978458740014     
  0.92404124464410342       0.93200000000000072        1.0331209944424813     
  0.92499589105367597       0.93300000000000072        1.0326456194036790     
  0.92595108400853898       0.93400000000000072        1.0321717155083938     
  0.92690682452739692       0.93500000000000072        1.0316992775299636     
  0.92786311362859941       0.93600000000000072        1.0312283002641474     
  0.92881995233014447       0.93700000000000072        1.0307587785290067     
  0.92977734164968162       0.93800000000000072        1.0302907071647873     
  0.93073528260451566       0.93900000000000072        1.0298240810338042     
  0.93169377621160954       0.94000000000000072        1.0293588950203238     
  0.93265282348758805       0.94100000000000072        1.0288951440304497     
  0.93361242544874068       0.94200000000000073        1.0284328229920083     
  0.93457258311102531       0.94300000000000073        1.0279719268544347     
  0.93553329749007130       0.94400000000000073        1.0275124505886597     
  0.93649456960118260       0.94500000000000073        1.0270543891869974     
  0.93745640045934131       0.94600000000000073        1.0265977376630340     
  0.93841879107921056       0.94700000000000073        1.0261424910515160     
  0.93938174247513817       0.94800000000000073        1.0256886444082411     
  0.94034525566115934       0.94900000000000073        1.0252361928099480     
  0.94130933165100028       0.95000000000000073        1.0247851313542078     
  0.94227397145808123       0.95100000000000073        1.0243354551593147     
  0.94323917609551955       0.95200000000000073        1.0238871593641807     
  0.94420494657613296       0.95300000000000074        1.0234402391282269     
  0.94517128391244287       0.95400000000000074        1.0229946896312785     
  0.94613818911667724       0.95500000000000074        1.0225505060734585     
  0.94710566320077394       0.95600000000000074        1.0221076836750835     
  0.94807370717638362       0.95700000000000074        1.0216662176765590     
  0.94904232205487316       0.95800000000000074        1.0212261033382761     
  0.95001150884732832       0.95900000000000074        1.0207873359405093     
  0.95098126856455745       0.96000000000000074        1.0203499107833125     
  0.95195160221709385       0.96100000000000074        1.0199138231864198     
  0.95292251081519952       0.96200000000000074        1.0194790684891419     
  0.95389399536886776       0.96300000000000074        1.0190456420502687     
  0.95486605688782633       0.96400000000000075        1.0186135392479658     
  0.95583869638154062       0.96500000000000075        1.0181827554796798     
  0.95681191485921646       0.96600000000000075        1.0177532861620358     
  0.95778571332980345       0.96700000000000075        1.0173251267307419     
  0.95876009280199759       0.96800000000000075        1.0168982726404916     
  0.95973505428424455       0.96900000000000075        1.0164727193648659     
  0.96071059878474263       0.97000000000000075        1.0160484623962385     
  0.96168672731144567       0.97100000000000075        1.0156254972456795     
  0.96266344087206590       0.97200000000000075        1.0152038194428616     
  0.96364074047407722       0.97300000000000075        1.0147834245359639     
  0.96461862712471791       0.97400000000000075        1.0143643080915798     
  0.96559710183099356       0.97500000000000075        1.0139464656946229     
  0.96657616559968007       0.97600000000000076        1.0135298929482348     
  0.96755581943732660       0.97700000000000076        1.0131145854736927     
  0.96853606435025852       0.97800000000000076        1.0127005389103181     
  0.96951690134458013       0.97900000000000076        1.0122877489153861     
  0.97049833142617770       0.98000000000000076        1.0118762111640343     
  0.97148035560072221       0.98100000000000076        1.0114659213491737     
  0.97246297487367250       0.98200000000000076        1.0110568751813991     
  0.97344619025027790       0.98300000000000076        1.0106490683889002     
  0.97443000273558111       0.98400000000000076        1.0102424967173735     
  0.97541441333442103       0.98500000000000076        1.0098371559299348     
  0.97639942305143568       0.98600000000000076        1.0094330418070316     
  0.97738503289106515       0.98700000000000077        1.0090301501463572     
  0.97837124385755403       0.98800000000000077        1.0086284767627636     
  0.97935805695495459       0.98900000000000077        1.0082280174881766     
  0.98034547318712939       0.99000000000000077        1.0078287681715108     
  0.98133349355775412       0.99100000000000077        1.0074307246785850     
  0.98232211907032041       0.99200000000000077        1.0070338828920369     
  0.98331135072813858       0.99300000000000077        1.0066382387112416     
  0.98430118953434032       0.99400000000000077        1.0062437880522275     
  0.98529163649188167       0.99500000000000077        1.0058505268475930     
  0.98628269260354551       0.99600000000000077        1.0054584510464266     
  0.98727435887194459       0.99700000000000077        1.0050675566142222     
  0.98826663629952394       0.99800000000000078        1.0046778395328011     
  0.98925952588856370       0.99900000000000078        1.0042892958002296     
  0.99025302864118203        1.0000000000000007        1.0039019214307394     
  0.99124714555933757        1.0010000000000006        1.0035157124546481     
  0.99224187764483218        1.0020000000000004        1.0031306649182796     
  0.99323722589931385        1.0030000000000003        1.0027467748838852     
  0.99423319132427901        1.0040000000000002        1.0023640384295669     
  0.99522977492107556        1.0050000000000001        1.0019824516491977     
  0.99622697769090529        1.0060000000000000        1.0016020106523456     
  0.99722480063482666        1.0069999999999999        1.0012227115641952     
  0.99822324475375734        1.0079999999999998        1.0008445505254742     
  0.99922231104847703        1.0089999999999997        1.0004675236923737     
