   9.9009900990099011E-003   0.0000000000000000        555.95953090130581     
   1.5405539909913918E-002   1.0000000000000000E-003   286.44885772596524     
   1.9818439219760529E-002   2.0000000000000000E-003   196.31812507929075     
   2.3709158049381798E-002   3.0000000000000001E-003   150.03520719322279     
   2.7266366489697661E-002   4.0000000000000001E-003   121.65500934179946     
   3.0583456559718759E-002   5.0000000000000001E-003   102.41068448867638     
   3.3715529280029258E-002   6.0000000000000001E-003   88.477954256889916     
   3.6698610337414519E-002   7.0000000000000001E-003   77.913235522623054     
   3.9557917807986467E-002   8.0000000000000002E-003   69.621255927060304     
   4.2311989727637909E-002   9.0000000000000011E-003   62.936680440132285     
   4.4974965903912416E-002   1.0000000000000002E-002   57.431538728477385     
   4.7557947400034911E-002   1.1000000000000003E-002   52.817819453064814     
   5.0069854479368306E-002   1.2000000000000004E-002   48.894467953295589     
   5.2517993374635953E-002   1.3000000000000005E-002   45.516810486891401     
   5.4908444926221073E-002   1.4000000000000005E-002   42.578050531038691     
   5.7246339468870470E-002   1.5000000000000006E-002   39.997613459426837     
   5.9536056426913481E-002   1.6000000000000007E-002   37.713551120615371     
   6.1781372534489724E-002   1.7000000000000008E-002   35.677445247237948     
   6.3985574070388199E-002   1.8000000000000009E-002   33.850899483691059     
   6.6151543306651184E-002   1.9000000000000010E-002   32.203070301756320     
   6.8281826106324953E-002   2.0000000000000011E-002   30.708894410374629     
   7.0378685494371651E-002   2.1000000000000012E-002   29.347793531063285     
   7.2444144625248105E-002   2.2000000000000013E-002   28.102712869832935     
   7.4480021620752110E-002   2.3000000000000013E-002   26.959397030690106     
   7.6487958094480349E-002   2.4000000000000014E-002   25.905837613096562     
   7.8469442716233295E-002   2.5000000000000015E-002   24.931846770265111     
   8.0425830838182513E-002   2.6000000000000016E-002   24.028724420769390     
   8.2358360963704622E-002   2.7000000000000017E-002   23.188995947476098     
   8.4268168662332749E-002   2.8000000000000018E-002   22.406203547231119     
   8.6156298401933382E-002   2.9000000000000019E-002   21.674738841896250     
   8.8023713669379777E-002   3.0000000000000020E-002   20.989707528571543     
   8.9871305674878790E-002   3.1000000000000021E-002   20.346819130947747     
   9.1699900876507673E-002   3.2000000000000021E-002   19.742296580214280     
   9.3510267515987941E-002   3.3000000000000022E-002   19.172801583029965     
   9.5303121321048026E-002   3.4000000000000023E-002   18.635372649743349     
   9.7079130501549454E-002   3.5000000000000024E-002   18.127373344708776     
   9.8838920144130746E-002   3.6000000000000025E-002   17.646448843069390     
  0.10058307609215837        3.7000000000000026E-002   17.190489278155205     
  0.10231214838328449        3.8000000000000027E-002   16.757598671908923     
  0.10402665430515237        3.9000000000000028E-002   16.346068480211645     
  0.10572708112019169        4.0000000000000029E-002   15.954354972291204     
  0.10741388850256746        4.1000000000000029E-002   15.581059810882961     
  0.10908751072384548        4.2000000000000030E-002   15.224913316670131     
  0.11074835861854736        4.3000000000000031E-002   14.884759993668677     
  0.11239682135627718        4.4000000000000032E-002   14.559545966874008     
  0.11403326804334443        4.5000000000000033E-002   14.248308043642975     
  0.11565804917364932        4.6000000000000034E-002   13.950164159007571     
  0.11727149794593229        4.7000000000000035E-002   13.664305004771448     
  0.11887393146223194        4.8000000000000036E-002   13.389986674665037     
  0.12046565182047626        4.9000000000000037E-002   13.126524184465371     
  0.12204694711249513        5.0000000000000037E-002   12.873285747951364     
  0.12361809233733939        5.1000000000000038E-002   12.629687707755402     
  0.12517935023858845        5.2000000000000039E-002   12.395190035295013     
  0.12673097207329051        5.3000000000000040E-002   12.169292326588421     
  0.12827319831928310        5.4000000000000041E-002   11.951530231327038     
  0.12980625932686501        5.5000000000000042E-002   11.741472261460055     
  0.13133037592011529        5.6000000000000043E-002   11.538716933035678     
  0.13284575995256667        5.7000000000000044E-002   11.342890201378420     
  0.13435261482142732        5.8000000000000045E-002   11.153643155056949     
  0.13585113594409434        5.9000000000000045E-002   10.970649938671066     
  0.13734151120030783        6.0000000000000046E-002   10.793605878390052     
  0.13882392134294644        6.1000000000000047E-002   10.622225787515342     
  0.14029854038015949        6.2000000000000048E-002   10.456242432206867     
  0.14176553593125921        6.3000000000000042E-002   10.295405139978531     
  0.14322506955855771        6.4000000000000043E-002   10.139478535694801     
  0.14467729707712010        6.5000000000000044E-002   9.9882413916390700     
  0.14612236884421625        6.6000000000000045E-002   9.8414855798173431     
  0.14756043003008537        6.7000000000000046E-002   9.6990151160444729     
  0.14899162087147719        6.8000000000000047E-002   9.5606452865642488     
  0.15041607690929965        6.9000000000000047E-002   9.4262018490049222     
  0.15183392921158215        7.0000000000000048E-002   9.2955203003897786     
  0.15324530458285635        7.1000000000000049E-002   9.1684452057261776     
  0.15465032576095908        7.2000000000000050E-002   9.0448295814018618     
  0.15604911160217524        7.3000000000000051E-002   8.9245343282374687     
  0.15744177725555983        7.4000000000000052E-002   8.8074277095902325     
  0.15882843432720758        7.5000000000000053E-002   8.6933848703856658     
  0.16020919103517478        7.6000000000000054E-002   8.5822873933798984     
  0.16158415235569956        7.7000000000000055E-002   8.4740228893322165     
  0.16295342016131512        7.8000000000000055E-002   8.3684846181017054     
  0.16431709335140215        7.9000000000000056E-002   8.2655711379786680     
  0.16567526797568405        8.0000000000000057E-002   8.1651859808256351     
  0.16702803735112864        8.1000000000000058E-002   8.0672373508379991     
  0.16837549217268483        8.2000000000000059E-002   7.9716378449441549     
  0.16971772061824969        8.3000000000000060E-002   7.8783041930525775     
  0.17105480844823176        8.4000000000000061E-002   7.7871570165210064     
  0.17238683910004907        8.5000000000000062E-002   7.6981206033732175     
  0.17371389377787555        8.6000000000000063E-002   7.6111226989236984     
  0.17503605153792676        8.7000000000000063E-002   7.5260943105916542     
  0.17635338936955477        8.8000000000000064E-002   7.4429695257947079     
  0.17766598227240299        8.9000000000000065E-002   7.3616853419107713     
  0.17897390332985391        9.0000000000000066E-002   7.2821815073849896     
  0.18027722377898708        9.1000000000000067E-002   7.2044003731385073     
  0.18157601307724880        9.2000000000000068E-002   7.1282867535079655     
  0.18287033896602214        9.3000000000000069E-002   7.0537877960099005     
  0.18416026753127288        9.4000000000000070E-002   6.9808528592833587     
  0.18544586326143495        9.5000000000000070E-002   6.9094333986176366     
  0.18672718910268898        9.6000000000000071E-002   6.8394828585207224     
  0.18800430651177658        9.7000000000000072E-002   6.7709565718282434     
  0.18927727550648449        9.8000000000000073E-002   6.7038116648928989     
  0.19054615471392400        9.9000000000000074E-002   6.6380069684310250     
  0.19181100141672278       0.10000000000000007        6.5735029336362523     
  0.19307187159723932       0.10100000000000008        6.5102615532006993     
  0.19432881997990334       0.10200000000000008        6.4482462869118793     
  0.19558190007177872       0.10300000000000008        6.3874219915189663     
  0.19683116420144026       0.10400000000000008        6.3277548545852200     
  0.19807666355624959       0.10500000000000008        6.2692123320646953     
  0.19931844821811065       0.10600000000000008        6.2117630893608125     
  0.20055656719778059       0.10700000000000008        6.1553769456422485     
  0.20179106846780695       0.10800000000000008        6.1000248212080166     
  0.20302199899415865       0.10900000000000008        6.0456786877086328     
  0.20424940476661363       0.11000000000000008        5.9923115210441855     
  0.20547333082796301       0.11100000000000008        5.9398972567727819     
  0.20669382130208799       0.11200000000000009        5.8884107478746364     
  0.20791091942096249       0.11300000000000009        5.8378277247278687     
  0.20912466755063183       0.11400000000000009        5.7881247571620058     
  0.21033510721621493       0.11500000000000009        5.7392792184644321     
  0.21154227912597445       0.11600000000000009        5.6912692512234964     
  0.21274622319449785       0.11700000000000009        5.6440737348998304     
  0.21394697856502906       0.11800000000000009        5.5976722550246958     
  0.21514458363098890       0.11900000000000009        5.5520450739309091     
  0.21633907605672026       0.12000000000000009        5.5071731029280766     
  0.21753049279749215       0.12100000000000009        5.4630378758396620     
  0.21871887011879493       0.12200000000000009        5.4196215238247403     
  0.21990424361495739       0.12300000000000010        5.3769067514122435     
  0.22108664822711485       0.12400000000000010        5.3348768136801086     
  0.22226611826055595       0.12500000000000008        5.2935154945160088     
  0.22344268740147413       0.12600000000000008        5.2528070859003257     
  0.22461638873314921       0.12700000000000009        5.2127363681557011     
  0.22578725475158229       0.12800000000000009        5.1732885911109570     
  0.22695531738060692       0.12900000000000009        5.1344494561303655     
  0.22812060798649766       0.13000000000000009        5.0962050989622307     
  0.22928315739209681       0.13100000000000009        5.0585420733635242     
  0.23044299589047837       0.13200000000000009        5.0214473354599063     
  0.23160015325816802       0.13300000000000009        4.9849082288028921     
  0.23275465876793666       0.13400000000000009        4.9489124700881559     
  0.23390654120118443       0.13500000000000009        4.9134481355010964     
  0.23505582885993090       0.13600000000000009        4.8785036476577579     
  0.23620254957842729       0.13700000000000009        4.8440677631110249     
  0.23734673073440479       0.13800000000000009        4.8101295603937446     
  0.23848839925997317       0.13900000000000010        4.7766784285720520     
  0.23962758165218295       0.14000000000000010        4.7437040562836676     
  0.24076430398326387       0.14100000000000010        4.7111964212373527     
  0.24189859191055152       0.14200000000000010        4.6791457801510665     
  0.24303047068611427       0.14300000000000010        4.6475426591075530     
  0.24415996516609098       0.14400000000000010        4.6163778443073156     
  0.24528709981975058       0.14500000000000010        4.5856423731999927     
  0.24641189873828337       0.14600000000000010        4.5553275259761898     
  0.24753438564333394       0.14700000000000010        4.5254248174027847     
  0.24865458389528483       0.14800000000000010        4.4959259889856451     
  0.24977251650130006       0.14900000000000010        4.4668230014445269     
  0.25088820612313673       0.15000000000000011        4.4381080274857512     
  0.25200167508473331       0.15100000000000011        4.4097734448589865     
  0.25311294537958196       0.15200000000000011        4.3818118296852084     
  0.25422203867789267       0.15300000000000011        4.3542159500435389     
  0.25532897633355656       0.15400000000000011        4.3269787598053311     
  0.25643377939091472       0.15500000000000011        4.3000933927044525     
  0.25753646859133983       0.15600000000000011        4.2735531566332590     
  0.25863706437963652       0.15700000000000011        4.2473515281543142     
  0.25973558691026671       0.15800000000000011        4.2214821472183921     
  0.26083205605340570       0.15900000000000011        4.1959388120797616     
  0.26192649140083474       0.16000000000000011        4.1707154744002199     
  0.26301891227167556       0.16100000000000012        4.1458062345337439     
  0.26410933771797174       0.16200000000000012        4.1212053369840316     
  0.26519778653012238       0.16300000000000012        4.0969071660275800     
  0.26628427724217230       0.16400000000000012        4.0729062414953168     
  0.26736882813696400       0.16500000000000012        4.0491972147061039     
  0.26845145725115543       0.16600000000000012        4.0257748645457809     
  0.26953218238010784       0.16700000000000012        4.0026340936857174     
  0.27061102108264801       0.16800000000000012        3.9797699249350900     
  0.27168799068570870       0.16900000000000012        3.9571774977214300     
  0.27276310828885136       0.17000000000000012        3.9348520646941774     
  0.27383639076867416       0.17100000000000012        3.9127889884462843     
  0.27490785478310970       0.17200000000000013        3.8909837383490862     
  0.27597751677561522       0.17300000000000013        3.8694318874959053     
  0.27704539297925873       0.17400000000000013        3.8481291097500669     
  0.27811149942070434       0.17500000000000013        3.8270711768931664     
  0.27917585192409988       0.17600000000000013        3.8062539558696535     
  0.28023846611486924       0.17700000000000013        3.7856734061239607     
  0.28129935742341328       0.17800000000000013        3.7653255770265526     
  0.28235854108872077       0.17900000000000013        3.7452066053854716     
  0.28341603216189326       0.18000000000000013        3.7253127130400689     
  0.28447184550958532       0.18100000000000013        3.7056402045337791     
  0.28552599581736354       0.18200000000000013        3.6861854648629193     
  0.28657849759298604       0.18300000000000013        3.6669449572986403     
  0.28762936516960486       0.18400000000000014        3.6479152212792596     
  0.28867861270889394       0.18500000000000014        3.6290928703703460     
  0.28972625420410419       0.18600000000000014        3.6104745902900208     
  0.29077230348304800       0.18700000000000014        3.5920571369970626     
  0.29181677421101537       0.18800000000000014        3.5738373348394910     
  0.29285967989362310       0.18900000000000014        3.5558120747614161     
  0.29390103387959959       0.19000000000000014        3.5379783125660156     
  0.29494084936350634       0.19100000000000014        3.5203330672326092     
  0.29597913938839837       0.19200000000000014        3.5028734192858710     
  0.29701591684842510       0.19300000000000014        3.4855965092153034     
  0.29805119449137335       0.19400000000000014        3.4684995359431761     
  0.29908498492115398       0.19500000000000015        3.4515797553392060     
  0.30011730060023378       0.19600000000000015        3.4348344787803193     
  0.30114815385201393       0.19700000000000015        3.4182610717539137     
  0.30217755686315684       0.19800000000000015        3.4018569525030804     
  0.30320552168586218       0.19900000000000015        3.3856195907123490     
  0.30423206024009397       0.20000000000000015        3.3695465062325169     
  0.30525718431575988       0.20100000000000015        3.3536352678432362     
  0.30628090557484372       0.20200000000000015        3.3378834920520513     
  0.30730323555349276       0.20300000000000015        3.3222888419286445     
  0.30832418566406072       0.20400000000000015        3.3068490259730825     
  0.30934376719710788       0.20500000000000015        3.2915617970169229     
  0.31036199132335918       0.20600000000000016        3.2764249511560664     
  0.31137886909562151       0.20700000000000016        3.2614363267142927     
  0.31239441145066121       0.20800000000000016        3.2465938032364510     
  0.31340862921104262       0.20900000000000016        3.2318953005103306     
  0.31442153308692916       0.21000000000000016        3.2173387776162454     
  0.31543313367784731       0.21100000000000016        3.2029222320034387     
  0.31644344147441461       0.21200000000000016        3.1886436985924194     
  0.31745246686003292       0.21300000000000016        3.1745012489023812     
  0.31846022011254727       0.21400000000000016        3.1604929902029020     
  0.31946671140587146       0.21500000000000016        3.1466170646891283     
  0.32047195081158131       0.21600000000000016        3.1328716486796919     
  0.32147594830047599       0.21700000000000016        3.1192549518366390     
  0.32247871374410864       0.21800000000000017        3.1057652164066569     
  0.32348025691628662       0.21900000000000017        3.0924007164829335     
  0.32448058749454262       0.22000000000000017        3.0791597572869933     
  0.32547971506157664       0.22100000000000017        3.0660406744698836     
  0.32647764910667032       0.22200000000000017        3.0530418334321014     
  0.32747439902707354       0.22300000000000017        3.0401616286616884     
  0.32846997412936468       0.22400000000000017        3.0273984830899101     
  0.32946438363078451       0.22500000000000017        3.0147508474639984     
  0.33045763666054462       0.22600000000000017        3.0022171997364206     
  0.33144974226111118       0.22700000000000017        2.9897960444701668     
  0.33244070938946413       0.22800000000000017        2.9774859122595778     
  0.33343054691833285       0.22900000000000018        2.9652853591662338     
  0.33441926363740859       0.23000000000000018        2.9531929661694480     
  0.33540686825453414       0.23100000000000018        2.9412073386309352     
  0.33639336939687159       0.23200000000000018        2.9293271057732189     
  0.33737877561204821       0.23300000000000018        2.9175509201713727     
  0.33836309536928144       0.23400000000000018        2.9058774572577071     
  0.33934633706048295       0.23500000000000018        2.8943054148390011     
  0.34032850900134287       0.23600000000000018        2.8828335126259268     
  0.34130961943239396       0.23700000000000018        2.8714604917742994     
  0.34228967652005660       0.23800000000000018        2.8601851144378121     
  0.34326868835766500       0.23900000000000018        2.8490061633319170     
  0.34424666296647483       0.24000000000000019        2.8379224413085349     
  0.34522360829665294       0.24100000000000019        2.8269327709412746     
  0.34619953222824934       0.24200000000000019        2.8160359941208704     
  0.34717444257215191       0.24300000000000019        2.8052309716605324     
  0.34814834707102427       0.24400000000000019        2.7945165829109389     
  0.34912125340022726       0.24500000000000019        2.7838917253845881     
  0.35009316916872407       0.24600000000000019        2.7733553143892511     
  0.35106410191996951       0.24700000000000019        2.7629062826702686     
  0.35203405913278418       0.24800000000000019        2.7525435800614386     
  0.35300304822221312       0.24900000000000019        2.7422661731442628     
  0.35397107654036969       0.25000000000000017        2.7320730449153134     
  0.35493815137726531       0.25100000000000017        2.7219631944614981     
  0.35590427996162444       0.25200000000000017        2.7119356366430036     
  0.35686946946168613       0.25300000000000017        2.7019894017837083     
  0.35783372698599181       0.25400000000000017        2.6921235353688608     
  0.35879705958415953       0.25500000000000017        2.6823370977498211     
  0.35975947424764565       0.25600000000000017        2.6726291638556758     
  0.36072097791049329       0.25700000000000017        2.6629988229115464     
  0.36168157745006846       0.25800000000000017        2.6534451781633979     
  0.36264127968778387       0.25900000000000017        2.6439673466091871     
  0.36360009138981092       0.26000000000000018        2.6345644587361696     
  0.36455801926777975       0.26100000000000018        2.6252356582642071     
  0.36551506997946770       0.26200000000000018        2.6159801018949196     
  0.36647125012947673       0.26300000000000018        2.6067969590665148     
  0.36742656626989956       0.26400000000000018        2.5976854117141599     
  0.36838102490097507       0.26500000000000018        2.5886446540357424     
  0.36933463247173320       0.26600000000000018        2.5796738922628779     
  0.37028739538062905       0.26700000000000018        2.5707723444370356     
  0.37123931997616721       0.26800000000000018        2.5619392401906387     
  0.37219041255751584       0.26900000000000018        2.5531738205330199     
  0.37314067937511108       0.27000000000000018        2.5444753376411002     
  0.37409012663125168       0.27100000000000019        2.5358430546546775     
  0.37503876048068441       0.27200000000000019        2.5272762454761963     
  0.37598658703118010       0.27300000000000019        2.5187741945748945     
  0.37693361234410050       0.27400000000000019        2.5103361967952127     
  0.37787984243495665       0.27500000000000019        2.5019615571693521     
  0.37882528327395815       0.27600000000000019        2.4936495907338898     
  0.37976994078655391       0.27700000000000019        2.4853996223503350     
  0.38071382085396482       0.27800000000000019        2.4772109865295371     
  0.38165692931370793       0.27900000000000019        2.4690830272598459     
  0.38259927196011251       0.28000000000000019        2.4610150978389331     
  0.38354085454482850       0.28100000000000019        2.4530065607091793     
  0.38448168277732697       0.28200000000000019        2.4450567872965454     
  0.38542176232539288       0.28300000000000020        2.4371651578528386     
  0.38636109881561059       0.28400000000000020        2.4293310613012888     
  0.38729969783384183       0.28500000000000020        2.4215538950853590     
  0.38823756492569678       0.28600000000000020        2.4138330650207047     
  0.38917470559699757       0.28700000000000020        2.4061679851502147     
  0.39011112531423531       0.28800000000000020        2.3985580776020501     
  0.39104682950502018       0.28900000000000020        2.3910027724506118     
  0.39198182355852468       0.29000000000000020        2.3835015075803727     
  0.39291611282592054       0.29100000000000020        2.3760537285524945     
  0.39384970262080893       0.29200000000000020        2.3686588884741751     
  0.39478259821964462       0.29300000000000020        2.3613164478706503     
  0.39571480486215377       0.29400000000000021        2.3540258745597966     
  0.39664632775174569       0.29500000000000021        2.3467866435292657     
  0.39757717205591842       0.29600000000000021        2.3395982368160979     
  0.39850734290665879       0.29700000000000021        2.3324601433887535     
  0.39943684540083635       0.29800000000000021        2.3253718590315020     
  0.40036568460059180       0.29900000000000021        2.3183328862311221     
  0.40129386553371976       0.30000000000000021        2.3113427340658528     
  0.40222139319404632       0.30100000000000021        2.3044009180965435     
  0.40314827254180075       0.30200000000000021        2.2975069602599580     
  0.40407450850398230       0.30300000000000021        2.2906603887641768     
  0.40500010597472175       0.30400000000000021        2.2838607379860516     
  0.40592506981563758       0.30500000000000022        2.2771075483706684     
  0.40684940485618765       0.30600000000000022        2.2704003663327668     
  0.40777311589401538       0.30700000000000022        2.2637387441600785     
  0.40869620769529152       0.30800000000000022        2.2571222399185356     
  0.40961868499505094       0.30900000000000022        2.2505504173593116     
  0.41054055249752475       0.31000000000000022        2.2440228458276494     
  0.41146181487646788       0.31100000000000022        2.2375391001734419     
  0.41238247677548229       0.31200000000000022        2.2310987606635138     
  0.41330254280833539       0.31300000000000022        2.2247014128955889     
  0.41422201755927446       0.31400000000000022        2.2183466477138802     
  0.41514090558333633       0.31500000000000022        2.2120340611262868     
  0.41605921140665347       0.31600000000000023        2.2057632542231480     
  0.41697693952675535       0.31700000000000023        2.1995338330975343     
  0.41789409441286590       0.31800000000000023        2.1933454087670268     
  0.41881068050619724       0.31900000000000023        2.1871975970969633     
  0.41972670222023895       0.32000000000000023        2.1810900187251154     
  0.42064216394104392       0.32100000000000023        2.1750222989877677     
  0.42155707002751014       0.32200000000000023        2.1689940678471618     
  0.42247142481165884       0.32300000000000023        2.1630049598202850     
  0.42338523259890881       0.32400000000000023        2.1570546139089704     
  0.42429849766834721       0.32500000000000023        2.1511426735312806     
  0.42521122427299679       0.32600000000000023        2.1452687864541429     
  0.42612341664007958       0.32700000000000023        2.1394326047272210     
  0.42703507897127713       0.32800000000000024        2.1336337846179867     
  0.42794621544298728       0.32900000000000024        2.1278719865479658     
  0.42885683020657761       0.33000000000000024        2.1221468750301451     
  0.42976692738863581       0.33100000000000024        2.1164581186075000     
  0.43067651109121646       0.33200000000000024        2.1108053897926315     
  0.43158558539208491       0.33300000000000024        2.1051883650084853     
  0.43249415434495769       0.33400000000000024        2.0996067245301275     
  0.43340222197974032       0.33500000000000024        2.0940601524275611     
  0.43430979230276168       0.33600000000000024        2.0885483365095547     
  0.43521686929700543       0.33700000000000024        2.0830709682684692     
  0.43612345692233873       0.33800000000000024        2.0776277428260577     
  0.43702955911573776       0.33900000000000025        2.0722183588802183     
  0.43793517979151070       0.34000000000000025        2.0668425186526838     
  0.43884032284151758       0.34100000000000025        2.0614999278376267     
  0.43974499213538759       0.34200000000000025        2.0561902955511600     
  0.44064919152073362       0.34300000000000025        2.0509133342817174     
  0.44155292482336395       0.34400000000000025        2.0456687598412970     
  0.44245619584749163       0.34500000000000025        2.0404562913175432     
  0.44335900837594105       0.34600000000000025        2.0352756510266605     
  0.44426136617035195       0.34700000000000025        2.0301265644671358     
  0.44516327297138086       0.34800000000000025        2.0250087602742526     
  0.44606473249890027       0.34900000000000025        2.0199219701753863     
  0.44696574845219522       0.35000000000000026        2.0148659289460591     
  0.44786632451015740       0.35100000000000026        2.0098403743667457     
  0.44876646433147716       0.35200000000000026        2.0048450471804062     
  0.44966617155483279       0.35300000000000026        1.9998796910507464     
  0.45056544979907787       0.35400000000000026        1.9949440525211692     
  0.45146430266342608       0.35500000000000026        1.9900378809744297     
  0.45236273372763403       0.35600000000000026        1.9851609285929566     
  0.45326074655218163       0.35700000000000026        1.9803129503198436     
  0.45415834467845057       0.35800000000000026        1.9754937038204874     
  0.45505553162890039       0.35900000000000026        1.9707029494448660     
  0.45595231090724264       0.36000000000000026        1.9659404501904423     
  0.45684868599861300       0.36100000000000027        1.9612059716656796     
  0.45774466036974110       0.36200000000000027        1.9564992820541616     
  0.45864023746911864       0.36300000000000027        1.9518201520792999     
  0.45953542072716530       0.36400000000000027        1.9471683549696226     
  0.46043021355639291       0.36500000000000027        1.9425436664246287     
  0.46132461935156743       0.36600000000000027        1.9379458645812013     
  0.46221864148986930       0.36700000000000027        1.9333747299805668     
  0.46311228333105176       0.36800000000000027        1.9288300455357896     
  0.46400554821759737       0.36900000000000027        1.9243115964997926     
  0.46489843947487275       0.37000000000000027        1.9198191704338958     
  0.46579096041128143       0.37100000000000027        1.9153525571768590     
  0.46668311431841503       0.37200000000000027        1.9109115488144226     
  0.46757490447120276       0.37300000000000028        1.9064959396493355     
  0.46846633412805905       0.37400000000000028        1.9021055261718618     
  0.46935740653102948       0.37500000000000028        1.8977401070307587     
  0.47024812490593537       0.37600000000000028        1.8933994830047109     
  0.47113849246251621       0.37700000000000028        1.8890834569742236     
  0.47202851239457094       0.37800000000000028        1.8847918338939544     
  0.47291818788009732       0.37900000000000028        1.8805244207654837     
  0.47380752208143001       0.38000000000000028        1.8762810266105123     
  0.47469651814537672       0.38100000000000028        1.8720614624444805     
  0.47558517920335325       0.38200000000000028        1.8678655412505960     
  0.47647350837151670       0.38300000000000028        1.8636930779542720     
  0.47736150875089728       0.38400000000000029        1.8595438893979586     
  0.47824918342752881       0.38500000000000029        1.8554177943163657     
  0.47913653547257751       0.38600000000000029        1.8513146133120717     
  0.48002356794246959       0.38700000000000029        1.8472341688315044     
  0.48091028387901735       0.38800000000000029        1.8431762851412945     
  0.48179668630954370       0.38900000000000029        1.8391407883049935     
  0.48268277824700578       0.39000000000000029        1.8351275061601426     
  0.48356856269011667       0.39100000000000029        1.8311362682956984     
  0.48445404262346614       0.39200000000000029        1.8271669060297990     
  0.48533922101764010       0.39300000000000029        1.8232192523878672     
  0.48622410082933837       0.39400000000000029        1.8192931420810492     
  0.48710868500149168       0.39500000000000030        1.8153884114849754     
  0.48799297646337708       0.39600000000000030        1.8115048986188445     
  0.48887697813073205       0.39700000000000030        1.8076424431248217     
  0.48976069290586777       0.39800000000000030        1.8038008862477433     
  0.49064412367778065       0.39900000000000030        1.7999800708151297     
  0.49152727332226320       0.40000000000000030        1.7961798412174941     
  0.49241014470201327       0.40100000000000030        1.7924000433889438     
  0.49329274066674234       0.40200000000000030        1.7886405247880730     
  0.49417506405328265       0.40300000000000030        1.7849011343791346     
  0.49505711768569322       0.40400000000000030        1.7811817226134941     
  0.49593890437536470       0.40500000000000030        1.7774821414113549     
  0.49682042692112305       0.40600000000000031        1.7738022441437533     
  0.49770168810933219       0.40700000000000031        1.7701418856148179     
  0.49858269071399569       0.40800000000000031        1.7665009220442873     
  0.49946343749685729       0.40900000000000031        1.7628792110502853     
  0.50034393120750020       0.41000000000000031        1.7592766116323462     
  0.50122417458344570       0.41100000000000031        1.7556929841546860     
  0.50210417035025057       0.41200000000000031        1.7521281903297161     
  0.50298392122160340       0.41300000000000031        1.7485820932017992     
  0.50386342989941990       0.41400000000000031        1.7450545571312335     
  0.50474269907393765       0.41500000000000031        1.7415454477784713     
  0.50562173142380928       0.41600000000000031        1.7380546320885653     
  0.50650052961619507       0.41700000000000031        1.7345819782758332     
  0.50737909630685452       0.41800000000000032        1.7311273558087465     
  0.50825743414023683       0.41900000000000032        1.7276906353950319     
  0.50913554574957087       0.42000000000000032        1.7242716889669845     
  0.51001343375695363       0.42100000000000032        1.7208703896669915     
  0.51089110077343836       0.42200000000000032        1.7174866118332579     
  0.51176854939912153       0.42300000000000032        1.7141202309857362     
  0.51264578222322876       0.42400000000000032        1.7107711238122554     
  0.51352280182420040       0.42500000000000032        1.7074391681548398     
  0.51439961076977569       0.42600000000000032        1.7041242429962247     
  0.51527621161707626       0.42700000000000032        1.7008262284465612     
  0.51615260691268916       0.42800000000000032        1.6975450057303010     
  0.51702879919274847       0.42900000000000033        1.6942804571732692     
  0.51790479098301645       0.43000000000000033        1.6910324661899163     
  0.51878058479896405       0.43100000000000033        1.6878009172707427     
  0.51965618314585005       0.43200000000000033        1.6845856959699022     
  0.52053158851879988       0.43300000000000033        1.6813866888929740     
  0.52140680340288370       0.43400000000000033        1.6782037836849033     
  0.52228183027319353       0.43500000000000033        1.6750368690181066     
  0.52315667159491941       0.43600000000000033        1.6718858345807437     
  0.52403132982342537       0.43700000000000033        1.6687505710651453     
  0.52490580740432424       0.43800000000000033        1.6656309701564007     
  0.52578010677355180       0.43900000000000033        1.6625269245211027     
  0.52665423035744041       0.44000000000000034        1.6594383277962408     
  0.52752818057279161       0.44100000000000034        1.6563650745782503     
  0.52840195982694815       0.44200000000000034        1.6533070604122044     
  0.52927557051786567       0.44300000000000034        1.6502641817811565     
  0.53014901503418310       0.44400000000000034        1.6472363360956210     
  0.53102229575529269       0.44500000000000034        1.6442234216832017     
  0.53189541505140958       0.44600000000000034        1.6412253377783528     
  0.53276837528364007       0.44700000000000034        1.6382419845122815     
  0.53364117880405015       0.44800000000000034        1.6352732629029822     
  0.53451382795573243       0.44900000000000034        1.6323190748454055     
  0.53538632507287320       0.45000000000000034        1.6293793231017561     
  0.53625867248081838       0.45100000000000035        1.6264539112919201     
  0.53713087249613900       0.45200000000000035        1.6235427438840198     
  0.53800292742669620       0.45300000000000035        1.6206457261850904     
  0.53887483957170534       0.45400000000000035        1.6177627643318828     
  0.53974661122179979       0.45500000000000035        1.6148937652817841     
  0.54061824465909381       0.45600000000000035        1.6120386368038597     
  0.54148974215724532       0.45700000000000035        1.6091972874700102     
  0.54236110598151754       0.45800000000000035        1.6063696266462457     
  0.54323233838884055       0.45900000000000035        1.6035555644840715     
  0.54410344162787172       0.46000000000000035        1.6007550119119900     
  0.54497441793905610       0.46100000000000035        1.5979678806271069     
  0.54584526955468615       0.46200000000000035        1.5951940830868501     
  0.54671599869896070       0.46300000000000036        1.5924335325007941     
  0.54758660758804356       0.46400000000000036        1.5896861428225901     
  0.54845709843012147       0.46500000000000036        1.5869518287420001     
  0.54932747342546173       0.46600000000000036        1.5842305056770316     
  0.55019773476646883       0.46700000000000036        1.5815220897661753     
  0.55106788463774126       0.46800000000000036        1.5788264978607405     
  0.55193792521612739       0.46900000000000036        1.5761436475172867     
  0.55280785867078064       0.47000000000000036        1.5734734569901563     
  0.55367768716321464       0.47100000000000036        1.5708158452240961     
  0.55454741284735765       0.47200000000000036        1.5681707318469766     
  0.55541703786960639       0.47300000000000036        1.5655380371626009     
  0.55628656436887947       0.47400000000000037        1.5629176821436059     
  0.55715599447667052       0.47500000000000037        1.5603095884244520     
  0.55802533031710067       0.47600000000000037        1.5577136782944998     
  0.55889457400697040       0.47700000000000037        1.5551298746911761     
  0.55976372765581139       0.47800000000000037        1.5525581011932232     
  0.56063279336593752       0.47900000000000037        1.5499982820140326     
  0.56150177323249550       0.48000000000000037        1.5474503419950634     
  0.56237066934351498       0.48100000000000037        1.5449142065993406     
  0.56323948377995858       0.48200000000000037        1.5423898019050357     
  0.56410821861577110       0.48300000000000037        1.5398770545991243     
  0.56497687591792833       0.48400000000000037        1.5373758919711251     
  0.56584545774648576       0.48500000000000038        1.5348862419069131     
  0.56671396615462633       0.48600000000000038        1.5324080328826117     
  0.56758240318870845       0.48700000000000038        1.5299411939585579     
  0.56845077088831286       0.48800000000000038        1.5274856547733411     
  0.56931907128628956       0.48900000000000038        1.5250413455379170     
  0.57018730640880444       0.49000000000000038        1.5226081970297907     
  0.57105547827538483       0.49100000000000038        1.5201861405872725     
  0.57192358889896555       0.49200000000000038        1.5177751081038031     
  0.57279164028593377       0.49300000000000038        1.5153750320223465     
  0.57365963443617418       0.49400000000000038        1.5129858453298517     
  0.57452757334311322       0.49500000000000038        1.5106074815517820     
  0.57539545899376310       0.49600000000000039        1.5082398747467087     
  0.57626329336876569       0.49700000000000039        1.5058829595009704     
  0.57713107844243561       0.49800000000000039        1.5035366709233970     
  0.57799881618280335       0.49900000000000039        1.5012009446400965     
  0.57886650855165789       0.50000000000000033        1.4988757167893034     
  0.57973415750458857       0.50100000000000033        1.4965609240162903     
  0.58060176499102745       0.50200000000000033        1.4942565034683379     
  0.58146933295429049       0.50300000000000034        1.4919623927897669     
  0.58233686333161883       0.50400000000000034        1.4896785301170279     
  0.58320435805421966       0.50500000000000034        1.4874048540738478     
  0.58407181904730654       0.50600000000000034        1.4851413037664376     
  0.58493924823013965       0.50700000000000034        1.4828878187787524     
  0.58580664751606570       0.50800000000000034        1.4806443391678095     
  0.58667401881255721       0.50900000000000034        1.4784108054590617     
  0.58754136402125179       0.51000000000000034        1.4761871586418229     
  0.58840868503799082       0.51100000000000034        1.4739733401647501     
  0.58927598375285817       0.51200000000000034        1.4717692919313752     
  0.59014326205021828       0.51300000000000034        1.4695749562956903     
  0.59101052180875391       0.51400000000000035        1.4673902760577859     
  0.59187776490150390       0.51500000000000035        1.4652151944595357     
  0.59274499319590035       0.51600000000000035        1.4630496551803356     
  0.59361220855380548       0.51700000000000035        1.4608936023328896     
  0.59447941283154848       0.51800000000000035        1.4587469804590443     
  0.59534660787996152       0.51900000000000035        1.4566097345256737     
  0.59621379554441634       0.52000000000000035        1.4544818099206078     
  0.59708097766485946       0.52100000000000035        1.4523631524486107     
  0.59794815607584784       0.52200000000000035        1.4502537083274039     
  0.59881533260658437       0.52300000000000035        1.4481534241837344     
  0.59968250908095233       0.52400000000000035        1.4460622470494888     
  0.60054968731755021       0.52500000000000036        1.4439801243578507     
  0.60141686912972603       0.52600000000000036        1.4419070039395030     
  0.60228405632561155       0.52700000000000036        1.4398428340188711     
  0.60315125070815578       0.52800000000000036        1.4377875632104111     
  0.60401845407515875       0.52900000000000036        1.4357411405149392     
  0.60488566821930467       0.53000000000000036        1.4337035153160003     
  0.60575289492819495       0.53100000000000036        1.4316746373762814     
  0.60662013598438091       0.53200000000000036        1.4296544568340630     
  0.60748739316539624       0.53300000000000036        1.4276429241997093     
  0.60835466824378936       0.53400000000000036        1.4256399903521999     
  0.60922196298715514       0.53500000000000036        1.4236456065356997     
  0.61008927915816691       0.53600000000000037        1.4216597243561662     
  0.61095661851460759       0.53700000000000037        1.4196822957779955     
  0.61182398280940120       0.53800000000000037        1.4177132731207043     
  0.61269137379064365       0.53900000000000037        1.4157526090556507     
  0.61355879320163365       0.54000000000000037        1.4138002566027896     
  0.61442624278090296       0.54100000000000037        1.4118561691274649     
  0.61529372426224704       0.54200000000000037        1.4099203003372360     
  0.61616123937475453       0.54300000000000037        1.4079926042787412     
  0.61702878984283738       0.54400000000000037        1.4060730353345938     
  0.61789637738626058       0.54500000000000037        1.4041615482203125     
  0.61876400372017104       0.54600000000000037        1.4022580979812860     
  0.61963167055512702       0.54700000000000037        1.4003626399897711     
  0.62049937959712687       0.54800000000000038        1.3984751299419225     
  0.62136713254763787       0.54900000000000038        1.3965955238548546     
  0.62223493110362438       0.55000000000000038        1.3947237780637387     
  0.62310277695757643       0.55100000000000038        1.3928598492189259     
  0.62397067179753740       0.55200000000000038        1.3910036942831066     
  0.62483861730713208       0.55300000000000038        1.3891552705284975     
  0.62570661516559400       0.55400000000000038        1.3873145355340610     
  0.62657466704779308       0.55500000000000038        1.3854814471827517     
  0.62744277462426246       0.55600000000000038        1.3836559636587962     
  0.62831093956122597       0.55700000000000038        1.3818380434449993     
  0.62917916352062431       0.55800000000000038        1.3800276453200802     
  0.63004744816014213       0.55900000000000039        1.3782247283560369     
  0.63091579513323404       0.56000000000000039        1.3764292519155392     
  0.63178420608915098       0.56100000000000039        1.3746411756493486     
  0.63265268267296604       0.56200000000000039        1.3728604594937668     
  0.63352122652560039       0.56300000000000039        1.3710870636681101     
  0.63438983928384884       0.56400000000000039        1.3693209486722118     
  0.63525852258040505       0.56500000000000039        1.3675620752839501     
  0.63612727804388691       0.56600000000000039        1.3658104045568025     
  0.63699610729886169       0.56700000000000039        1.3640658978174256     
  0.63786501196587053       0.56800000000000039        1.3623285166632617     
  0.63873399366145334       0.56900000000000039        1.3605982229601683     
  0.63960305399817341       0.57000000000000040        1.3588749788400747     
  0.64047219458464122       0.57100000000000040        1.3571587466986617     
  0.64134141702553904       0.57200000000000040        1.3554494891930666     
  0.64221072292164472       0.57300000000000040        1.3537471692396106     
  0.64308011386985520       0.57400000000000040        1.3520517500115521     
  0.64394959146321051       0.57500000000000040        1.3503631949368617     
  0.64481915729091710       0.57600000000000040        1.3486814676960199     
  0.64568881293837077       0.57700000000000040        1.3470065322198399     
  0.64655855998718004       0.57800000000000040        1.3453383526873106     
  0.64742840001518909       0.57900000000000040        1.3436768935234635     
  0.64829833459650033       0.58000000000000040        1.3420221193972597     
  0.64916836530149724       0.58100000000000041        1.3403739952195013     
  0.65003849369686650       0.58200000000000041        1.3387324861407617     
  0.65090872134562050       0.58300000000000041        1.3370975575493387     
  0.65177904980711932       0.58400000000000041        1.3354691750692278     
  0.65264948063709260       0.58500000000000041        1.3338473045581178     
  0.65352001538766169       0.58600000000000041        1.3322319121054031     
  0.65439065560736076       0.58700000000000041        1.3306229640302216     
  0.65526140284115875       0.58800000000000041        1.3290204268795074     
  0.65613225863048041       0.58900000000000041        1.3274242674260666     
  0.65700322451322757       0.59000000000000041        1.3258344526666719     
  0.65787430202380026       0.59100000000000041        1.3242509498201751     
  0.65874549269311755       0.59200000000000041        1.3226737263256405     
  0.65961679804863815       0.59300000000000042        1.3211027498404968     
  0.66048821961438120       0.59400000000000042        1.3195379882387055     
  0.66135975891094656       0.59500000000000042        1.3179794096089512     
  0.66223141745553515       0.59600000000000042        1.3164269822528472     
  0.66310319676196916       0.59700000000000042        1.3148806746831605     
  0.66397509834071211       0.59800000000000042        1.3133404556220540     
  0.66484712369888865       0.59900000000000042        1.3118062939993462     
  0.66571927434030420       0.60000000000000042        1.3102781589507895     
  0.66659155176546492       0.60100000000000042        1.3087560198163630     
  0.66746395747159670       0.60200000000000042        1.3072398461385850     
  0.66833649295266495       0.60300000000000042        1.3057296076608416     
  0.66920915969939343       0.60400000000000043        1.3042252743257294     
  0.67008195919928371       0.60500000000000043        1.3027268162734182     
  0.67095489293663368       0.60600000000000043        1.3012342038400282     
  0.67182796239255671       0.60700000000000043        1.2997474075560220     
  0.67270116904500010       0.60800000000000043        1.2982663981446152     
  0.67357451436876381       0.60900000000000043        1.2967911465201998     
  0.67444799983551884       0.61000000000000043        1.2953216237867842     
  0.67532162691382558       0.61100000000000043        1.2938578012364494     
  0.67619539706915177       0.61200000000000043        1.2923996503478195     
  0.67706931176389074       0.61300000000000043        1.2909471427845465     
  0.67794337245737946       0.61400000000000043        1.2895002503938100     
  0.67881758060591602       0.61500000000000044        1.2880589452048334     
  0.67969193766277780       0.61600000000000044        1.2866231994274113     
  0.68056644507823849       0.61700000000000044        1.2851929854504545     
  0.68144110429958604       0.61800000000000044        1.2837682758405464     
  0.68231591677113956       0.61900000000000044        1.2823490433405149     
  0.68319088393426708       0.62000000000000044        1.2809352608680176     
  0.68406600722740207       0.62100000000000044        1.2795269015141406     
  0.68494128808606092       0.62200000000000044        1.2781239385420107     
  0.68581672794285953       0.62300000000000044        1.2767263453854210     
  0.68669232822753024       0.62400000000000044        1.2753340956474704     
  0.68756809036693833       0.62500000000000044        1.2739471630992150     
  0.68844401578509884       0.62600000000000044        1.2725655216783320     
  0.68932010590319270       0.62700000000000045        1.2711891454877988     
  0.69019636213958335       0.62800000000000045        1.2698180087945818     
  0.69107278590983268       0.62900000000000045        1.2684520860283395     
  0.69194937862671746       0.63000000000000045        1.2670913517801370     
  0.69282614170024504       0.63100000000000045        1.2657357808011738     
  0.69370307653766949       0.63200000000000045        1.2643853480015219     
  0.69458018454350734       0.63300000000000045        1.2630400284488770     
  0.69545746711955325       0.63400000000000045        1.2616997973673225     
  0.69633492566489563       0.63500000000000045        1.2603646301361018     
  0.69721256157593214       0.63600000000000045        1.2590345022884060     
  0.69809037624638515       0.63700000000000045        1.2577093895101712     
  0.69896837106731691       0.63800000000000046        1.2563892676388853     
  0.69984654742714492       0.63900000000000046        1.2550741126624103     
  0.70072490671165688       0.64000000000000046        1.2537639007178116     
  0.70160345030402582       0.64100000000000046        1.2524586080901998     
  0.70248217958482484       0.64200000000000046        1.2511582112115840     
  0.70336109593204221       0.64300000000000046        1.2498626866597340     
  0.70424020072109572       0.64400000000000046        1.2485720111570553     
  0.70511949532484774       0.64500000000000046        1.2472861615694719     
  0.70599898111361925       0.64600000000000046        1.2460051149053220     
  0.70687865945520478       0.64700000000000046        1.2447288483142618     
  0.70775853171488634       0.64800000000000046        1.2434573390861818     
  0.70863859925544803       0.64900000000000047        1.2421905646501301     
  0.70951886343719006       0.65000000000000047        1.2409285025732477     
  0.71039932561794261       0.65100000000000047        1.2396711305597137     
  0.71127998715308027       0.65200000000000047        1.2384184264496985     
  0.71216084939553559       0.65300000000000047        1.2371703682183288     
  0.71304191369581293       0.65400000000000047        1.2359269339746599     
  0.71392318140200239       0.65500000000000047        1.2346881019606590     
  0.71480465385979330       0.65600000000000047        1.2334538505501966     
  0.71568633241248791       0.65700000000000047        1.2322241582480480     
  0.71656821840101448       0.65800000000000047        1.2309990036889036     
  0.71745031316394126       0.65900000000000047        1.2297783656363881     
  0.71833261803748927       0.66000000000000048        1.2285622229820885     
  0.71921513435554596       0.66100000000000048        1.2273505547445900     
  0.72009786344967797       0.66200000000000048        1.2261433400685242     
  0.72098080664914432       0.66300000000000048        1.2249405582236201     
  0.72186396528090968       0.66400000000000048        1.2237421886037694     
  0.72274734066965673       0.66500000000000048        1.2225482107260961     
  0.72363093413779944       0.66600000000000048        1.2213586042300371     
  0.72451474700549567       0.66700000000000048        1.2201733488764286     
  0.72539878059065976       0.66800000000000048        1.2189924245466035     
  0.72628303620897516       0.66900000000000048        1.2178158112414941     
  0.72716751517390699       0.67000000000000048        1.2166434890807456     
  0.72805221879671433       0.67100000000000048        1.2154754383018345     
  0.72893714838646284       0.67200000000000049        1.2143116392591971     
  0.72982230525003688       0.67300000000000049        1.2131520724233651     
  0.73070769069215180       0.67400000000000049        1.2119967183801084     
  0.73159330601536576       0.67500000000000049        1.2108455578295867     
  0.73247915252009232       0.67600000000000049        1.2096985715855069     
  0.73336523150461208       0.67700000000000049        1.2085557405742886     
  0.73425154426508454       0.67800000000000049        1.2074170458342386     
  0.73513809209556036       0.67900000000000049        1.2062824685147300     
  0.73602487628799262       0.68000000000000049        1.2051519898753902     
  0.73691189813224889       0.68100000000000049        1.2040255912852962     
  0.73779915891612269       0.68200000000000049        1.2029032542221751     
  0.73868665992534532       0.68300000000000050        1.2017849602716142     
  0.73957440244359685       0.68400000000000050        1.2006706911262757     
  0.74046238775251805       0.68500000000000050        1.1995604285851202     
  0.74135061713172157       0.68600000000000050        1.1984541545526353     
  0.74223909185880321       0.68700000000000050        1.1973518510380716     
  0.74312781320935317       0.68800000000000050        1.1962535001546861     
  0.74401678245696712       0.68900000000000050        1.1951590841189910     
  0.74490600087325753       0.69000000000000050        1.1940685852500095     
  0.74579546972786448       0.69100000000000050        1.1929819859685378     
  0.74668519028846680       0.69200000000000050        1.1918992687964141     
  0.74757516382079270       0.69300000000000050        1.1908204163557934     
  0.74846539158863101       0.69400000000000051        1.1897454113684289     
  0.74935587485384170       0.69500000000000051        1.1886742366549583     
  0.75024661487636646       0.69600000000000051        1.1876068751341986     
  0.75113761291423975       0.69700000000000051        1.1865433098224452     
  0.75202887022359910       0.69800000000000051        1.1854835238327766     
  0.75292038805869577       0.69900000000000051        1.1844275003743669     
  0.75381216767190506       0.70000000000000051        1.1833752227518037     
  0.75470421031373680       0.70100000000000051        1.1823266743644092     
  0.75559651723284582       0.70200000000000051        1.1812818387055712     
  0.75648908967604211       0.70300000000000051        1.1802406993620771     
  0.75738192888830114       0.70400000000000051        1.1792032400134531     
  0.75827503611277391       0.70500000000000052        1.1781694444313124     
  0.75916841259079704       0.70600000000000052        1.1771392964787046     
  0.76006205956190298       0.70700000000000052        1.1761127801094742     
  0.76095597826383010       0.70800000000000052        1.1750898793676217     
  0.76185016993253218       0.70900000000000052        1.1740705783866718     
  0.76274463580218888       0.71000000000000052        1.1730548613890472     
  0.76363937710521501       0.71100000000000052        1.1720427126854460     
  0.76453439507227083       0.71200000000000052        1.1710341166742260     
  0.76542969093227131       0.71300000000000052        1.1700290578407928     
  0.76632526591239614       0.71400000000000052        1.1690275207569945     
  0.76722112123809916       0.71500000000000052        1.1680294900805197     
  0.76811725813311793       0.71600000000000052        1.1670349505543023     
  0.76901367781948327       0.71700000000000053        1.1660438870059304     
  0.76991038151752866       0.71800000000000053        1.1650562843470595     
  0.77080737044589975       0.71900000000000053        1.1640721275728321     
  0.77170464582156351       0.72000000000000053        1.1630914017613001     
  0.77260220885981779       0.72100000000000053        1.1621140920728552     
  0.77350006077430045       0.72200000000000053        1.1611401837496593     
  0.77439820277699833       0.72300000000000053        1.1601696621150850     
  0.77529663607825661       0.72400000000000053        1.1592025125731560     
  0.77619536188678806       0.72500000000000053        1.1582387206079952     
  0.77709438140968168       0.72600000000000053        1.1572782717832761     
  0.77799369585241196       0.72700000000000053        1.1563211517416787     
  0.77889330641884780       0.72800000000000054        1.1553673462043503     
  0.77979321431126125       0.72900000000000054        1.1544168409703703     
  0.78069342073033654       0.73000000000000054        1.1534696219162202     
  0.78159392687517881       0.73100000000000054        1.1525256749952559     
  0.78249473394332281       0.73200000000000054        1.1515849862371876     
  0.78339584313074162       0.73300000000000054        1.1506475417475606     
  0.78429725563185526       0.73400000000000054        1.1497133277072429     
  0.78519897263953942       0.73500000000000054        1.1487823303719147     
  0.78610099534513389       0.73600000000000054        1.1478545360715646     
  0.78700332493845115       0.73700000000000054        1.1469299312099874     
  0.78790596260778489       0.73800000000000054        1.1460085022642881     
  0.78880890953991811       0.73900000000000055        1.1450902357843877     
  0.78971216692013202       0.74000000000000055        1.1441751183925355     
  0.79061573593221390       0.74100000000000055        1.1432631367828225     
  0.79151961775846558       0.74200000000000055        1.1423542777207023     
  0.79242381357971181       0.74300000000000055        1.1414485280425120     
  0.79332832457530822       0.74400000000000055        1.1405458746549997     
  0.79423315192314958       0.74500000000000055        1.1396463045348548     
  0.79513829679967785       0.74600000000000055        1.1387498047282418     
  0.79604376037989044       0.74700000000000055        1.1378563623503386     
  0.79694954383734795       0.74800000000000055        1.1369659645848775     
  0.79785564834418243       0.74900000000000055        1.1360785986836912     
  0.79876207507110519       0.75000000000000056        1.1351942519662610     
  0.79966882518741456       0.75100000000000056        1.1343129118192694     
  0.80057589986100397       0.75200000000000056        1.1334345656961566     
  0.80148330025836978       0.75300000000000056        1.1325592011166790     
  0.80239102754461877       0.75400000000000056        1.1316868056664737     
  0.80329908288347618       0.75500000000000056        1.1308173669966235     
  0.80420746743729332       0.75600000000000056        1.1299508728232275     
  0.80511618236705507       0.75700000000000056        1.1290873109269750     
  0.80602522883238770       0.75800000000000056        1.1282266691527210     
  0.80693460799156635       0.75900000000000056        1.1273689354090668     
  0.80784432100152259       0.76000000000000056        1.1265140976679440     
  0.80875436901785180       0.76100000000000056        1.1256621439641996     
  0.80966475319482090       0.76200000000000057        1.1248130623951875     
  0.81057547468537539       0.76300000000000057        1.1239668411203607     
  0.81148653464114717       0.76400000000000057        1.1231234683608666     
  0.81239793421246143       0.76500000000000057        1.1222829323991492     
  0.81330967454834435       0.76600000000000057        1.1214452215785482     
  0.81422175679653019       0.76700000000000057        1.1206103243029073     
  0.81513418210346844       0.76800000000000057        1.1197782290361817     
  0.81604695161433116       0.76900000000000057        1.1189489243020501     
  0.81696006647302000       0.77000000000000057        1.1181223986835294     
  0.81787352782217349       0.77100000000000057        1.1172986408225927     
  0.81878733680317395       0.77200000000000057        1.1164776394197897     
  0.81970149455615482       0.77300000000000058        1.1156593832338706     
  0.82061600222000719       0.77400000000000058        1.1148438610814124     
  0.82153086093238736       0.77500000000000058        1.1140310618364486     
  0.82244607182972329       0.77600000000000058        1.1132209744301016     
  0.82336163604722179       0.77700000000000058        1.1124135878502170     
  0.82427755471887532       0.77800000000000058        1.1116088911410034     
  0.82519382897746874       0.77900000000000058        1.1108068734026706     
  0.82611045995458643       0.78000000000000058        1.1100075237910751     
  0.82702744878061851       0.78100000000000058        1.1092108315173654     
  0.82794479658476816       0.78200000000000058        1.1084167858476315     
  0.82886250449505794       0.78300000000000058        1.1076253761025552     
  0.82978057363833657       0.78400000000000059        1.1068365916570657     
  0.83069900514028572       0.78500000000000059        1.1060504219399967     
  0.83161780012542630       0.78600000000000059        1.1052668564337440     
  0.83253695971712527       0.78700000000000059        1.1044858846739296     
  0.83345648503760217       0.78800000000000059        1.1037074962490654     
  0.83437637720793556       0.78900000000000059        1.1029316808002205     
  0.83529663734806947       0.79000000000000059        1.1021584280206909     
  0.83621726657681994       0.79100000000000059        1.1013877276556716     
  0.83713826601188146       0.79200000000000059        1.1006195695019321     
  0.83805963676983308       0.79300000000000059        1.0998539434074921     
  0.83898137996614508       0.79400000000000059        1.0990908392713021     
  0.83990349671518505       0.79500000000000060        1.0983302470429255     
  0.84082598813022447       0.79600000000000060        1.0975721567222223     
  0.84174885532344468       0.79700000000000060        1.0968165583590361     
  0.84267209940594323       0.79800000000000060        1.0960634420528832     
  0.84359572148774009       0.79900000000000060        1.0953127979526442     
  0.84451972267778375       0.80000000000000060        1.0945646162562577     
  0.84544410408395743       0.80100000000000060        1.0938188872104158     
  0.84636886681308510       0.80200000000000060        1.0930756011102627     
  0.84729401197093779       0.80300000000000060        1.0923347482990957     
  0.84821954066223937       0.80400000000000060        1.0915963191680671     
  0.84914545399067265       0.80500000000000060        1.0908603041558900     
  0.85007175305888549       0.80600000000000060        1.0901266937485448     
  0.85099843896849658       0.80700000000000061        1.0893954784789883     
  0.85192551282010154       0.80800000000000061        1.0886666489268664     
  0.85285297571327867       0.80900000000000061        1.0879401957182262     
  0.85378082874659500       0.81000000000000061        1.0872161095252331     
  0.85470907301761212       0.81100000000000061        1.0864943810658871     
  0.85563770962289176       0.81200000000000061        1.0857750011037446     
  0.85656673965800201       0.81300000000000061        1.0850579604476380     
  0.85749616421752262       0.81400000000000061        1.0843432499514023     
  0.85842598439505113       0.81500000000000061        1.0836308605135985     
  0.85935620128320833       0.81600000000000061        1.0829207830772438     
  0.86028681597364420       0.81700000000000061        1.0822130086295407     
  0.86121782955704340       0.81800000000000062        1.0815075282016087     
  0.86214924312313079       0.81900000000000062        1.0808043328682184     
  0.86308105776067734       0.82000000000000062        1.0801034137475283     
  0.86401327455750543       0.82100000000000062        1.0794047620008209     
  0.86494589460049476       0.82200000000000062        1.0787083688322443     
  0.86587891897558744       0.82300000000000062        1.0780142254885523     
  0.86681234876779378       0.82400000000000062        1.0773223232588491     
  0.86774618506119772       0.82500000000000062        1.0766326534743333     
  0.86868042893896236       0.82600000000000062        1.0759452075080462     
  0.86961508148333522       0.82700000000000062        1.0752599767746207     
  0.87055014377565387       0.82800000000000062        1.0745769527300315     
  0.87148561689635096       0.82900000000000063        1.0738961268713478     
  0.87242150192496004       0.83000000000000063        1.0732174907364891     
  0.87335779994012053       0.83100000000000063        1.0725410359039791     
  0.87429451201958308       0.83200000000000063        1.0718667539927058     
  0.87523163924021519       0.83300000000000063        1.0711946366616794     
  0.87616918267800592       0.83400000000000063        1.0705246756097948     
  0.87710714340807161       0.83500000000000063        1.0698568625755944     
  0.87804552250466084       0.83600000000000063        1.0691911893370327     
  0.87898432104115964       0.83700000000000063        1.0685276477112433     
  0.87992354009009677       0.83800000000000063        1.0678662295543064     
  0.88086318072314884       0.83900000000000063        1.0672069267610189     
  0.88180324401114529       0.84000000000000064        1.0665497312646657     
  0.88274373102407366       0.84100000000000064        1.0658946350367933     
  0.88368464283108461       0.84200000000000064        1.0652416300869829     
  0.88462598050049679       0.84300000000000064        1.0645907084626292     
  0.88556774509980229       0.84400000000000064        1.0639418622487158     
  0.88650993769567121       0.84500000000000064        1.0632950835675963     
  0.88745255935395684       0.84600000000000064        1.0626503645787744     
  0.88839561113970067       0.84700000000000064        1.0620076974786863     
  0.88933909411713730       0.84800000000000064        1.0613670745004857     
  0.89028300934969928       0.84900000000000064        1.0607284879138286     
  0.89122735790002217       0.85000000000000064        1.0600919300246601     
  0.89217214082994922       0.85100000000000064        1.0594573931750042     
  0.89311735920053625       0.85200000000000065        1.0588248697427529     
  0.89406301407205679       0.85300000000000065        1.0581943521414579     
  0.89500910650400645       0.85400000000000065        1.0575658328201234     
  0.89595563755510799       0.85500000000000065        1.0569393042630011     
  0.89690260828331603       0.85600000000000065        1.0563147589893862     
  0.89785001974582179       0.85700000000000065        1.0556921895534135     
  0.89879787299905789       0.85800000000000065        1.0550715885438573     
  0.89974616909870286       0.85900000000000065        1.0544529485839316     
  0.90069490909968608       0.86000000000000065        1.0538362623310902     
  0.90164409405619228       0.86100000000000065        1.0532215224768313     
  0.90259372502166635       0.86200000000000065        1.0526087217465006     
  0.90354380304881787       0.86300000000000066        1.0519978528990974     
  0.90449432918962547       0.86400000000000066        1.0513889087270816     
  0.90544530449534200       0.86500000000000066        1.0507818820561812     
  0.90639673001649856       0.86600000000000066        1.0501767657452037     
  0.90734860680290930       0.86700000000000066        1.0495735526858445     
  0.90830093590367600       0.86800000000000066        1.0489722358025018     
  0.90925371836719238       0.86900000000000066        1.0483728080520878     
  0.91020695524114881       0.87000000000000066        1.0477752624238448     
  0.91116064757253656       0.87100000000000066        1.0471795919391611     
  0.91211479640765258       0.87200000000000066        1.0465857896513884     
  0.91306940279210358       0.87300000000000066        1.0459938486456597     
  0.91402446777081070       0.87400000000000067        1.0454037620387100     
  0.91497999238801375       0.87500000000000067        1.0448155229786964     
  0.91593597768727564       0.87600000000000067        1.0442291246450217     
  0.91689242471148691       0.87700000000000067        1.0436445602481568     
  0.91784933450286976       0.87800000000000067        1.0430618230294650     
  0.91880670810298271       0.87900000000000067        1.0424809062610298     
  0.91976454655272466       0.88000000000000067        1.0419018032454797     
  0.92072285089233918       0.88100000000000067        1.0413245073158182     
  0.92168162216141902       0.88200000000000067        1.0407490118352518     
  0.92264086139891022       0.88300000000000067        1.0401753101970219     
  0.92360056964311632       0.88400000000000067        1.0396033958242352     
  0.92456074793170251       0.88500000000000068        1.0390332621696974     
  0.92552139730170002       0.88600000000000068        1.0384649027157471     
  0.92648251878951027       0.88700000000000068        1.0378983109740902     
  0.92744411343090893       0.88800000000000068        1.0373334804856371     
  0.92840618226105009       0.88900000000000068        1.0367704048203392     
  0.92936872631447054       0.89000000000000068        1.0362090775770274     
  0.93033174662509377       0.89100000000000068        1.0356494923832520     
  0.93129524422623411       0.89200000000000068        1.0350916428951229     
  0.93225922015060070       0.89300000000000068        1.0345355227971509     
  0.93322367543030171       0.89400000000000068        1.0339811258020914     
  0.93418861109684825       0.89500000000000068        1.0334284456507870     
  0.93515402818115878       0.89600000000000068        1.0328774761120125     
  0.93611992771356256       0.89700000000000069        1.0323282109823215     
  0.93708631072380399       0.89800000000000069        1.0317806440858923     
  0.93805317824104673       0.89900000000000069        1.0312347692743760     
  0.93902053129387719       0.90000000000000069        1.0306905804267457     
  0.93998837091030907       0.90100000000000069        1.0301480714491458     
  0.94095669811778693       0.90200000000000069        1.0296072362747430     
  0.94192551394319024       0.90300000000000069        1.0290680688635787     
  0.94289481941283704       0.90400000000000069        1.0285305632024209     
  0.94386461555248835       0.90500000000000069        1.0279947133046190     
  0.94483490338735165       0.90600000000000069        1.0274605132099572     
  0.94580568394208475       0.90700000000000069        1.0269279569845116     
  0.94677695824079977       0.90800000000000070        1.0263970387205064     
  0.94774872730706694       0.90900000000000070        1.0258677525361704     
  0.94872099216391848       0.91000000000000070        1.0253400925755978     
  0.94969375383385224       0.91100000000000070        1.0248140530086050     
  0.95066701333883563       0.91200000000000070        1.0242896280305933     
  0.95164077170030947       0.91300000000000070        1.0237668118624088     
  0.95261502993919134       0.91400000000000070        1.0232455987502052     
  0.95358978907587988       0.91500000000000070        1.0227259829653064     
  0.95456505013025816       0.91600000000000070        1.0222079588040711     
  0.95554081412169756       0.91700000000000070        1.0216915205877570     
  0.95651708206906116       0.91800000000000070        1.0211766626623875     
  0.95749385499070805       0.91900000000000071        1.0206633793986171     
  0.95847113390449623       0.92000000000000071        1.0201516651916003     
  0.95944891982778702       0.92100000000000071        1.0196415144608586     
  0.96042721377744811       0.92200000000000071        1.0191329216501503     
  0.96140601676985749       0.92300000000000071        1.0186258812273412     
  0.96238532982090697       0.92400000000000071        1.0181203876842746     
  0.96336515394600586       0.92500000000000071        1.0176164355366426     
  0.96434549016008464       0.92600000000000071        1.0171140193238604     
  0.96532633947759816       0.92700000000000071        1.0166131336089377     
  0.96630770291252976       0.92800000000000071        1.0161137729783547     
  0.96728958147839428       0.92900000000000071        1.0156159320419356     
  0.96827197618824190       0.93000000000000071        1.0151196054327252     
  0.96925488805466165       0.93100000000000072        1.0146247878068653     
  0.97023831808978489       0.93200000000000072        1.0141314738434721     
  0.97122226730528871       0.93300000000000072        1.0136396582445144     
  0.97220673671239954       0.93400000000000072        1.0131493357346928     
  0.97319172732189652       0.93500000000000072        1.0126605010613186     
  0.97417724014411500       0.93600000000000072        1.0121731489941952     
  0.97516327618895016       0.93700000000000072        1.0116872743254990     
  0.97614983646586007       0.93800000000000072        1.0112028718696615     
  0.97713692198386948       0.93900000000000072        1.0107199364632515     
  0.97812453375157293       0.94000000000000072        1.0102384629648602     
  0.97911267277713832       0.94100000000000072        1.0097584462549829     
  0.98010134006831029       0.94200000000000073        1.0092798812359065     
  0.98109053663241363       0.94300000000000073        1.0088027628315934     
  0.98208026347635635       0.94400000000000073        1.0083270859875693     
  0.98307052160663333       0.94500000000000073        1.0078528456708093     
  0.98406131202932967       0.94600000000000073        1.0073800368696264     
  0.98505263575012370       0.94700000000000073        1.0069086545935593     
  0.98604449377429071       0.94800000000000073        1.0064386938732628     
  0.98703688710670578       0.94900000000000073        1.0059701497603970     
  0.98802981675184753       0.95000000000000073        1.0055030173275179     
  0.98902328371380110       0.95100000000000073        1.0050372916679693     
  0.99001728899626140       0.95200000000000073        1.0045729678957742     
  0.99101183360253653       0.95300000000000074        1.0041100411455277     
  0.99200691853555090       0.95400000000000074        1.0036485065722911     
  0.99300254479784844       0.95500000000000074        1.0031883593514845     
  0.99399871339159607       0.95600000000000074        1.0027295946787826     
  0.99499542531858642       0.95700000000000074        1.0022722077700104     
  0.99599268158024157       0.95800000000000074        1.0018161938610370     
  0.99699048317761574       0.95900000000000074        1.0013615482076754     
  0.99798883111139880       0.96000000000000074        1.0009082660855777     
  0.99898772638191924       0.96100000000000074        1.0004563427901332     
  0.99998716998914750       0.96200000000000074        1.0000057736363677     
